0, 0, 0, 0, 0, 0, 0, 0, 0, 2, 0, 0, 1, 0, 0, 0, 198, -1, AVANZA, peligro
0, 0, 0, 0, 0, 0, 0, 0, 0, 2, 0, 0, 1, 0, 0, 0, 198, -1, AVANZA, peligro
0, 0, 0, 0, -60, 0, -60, 0, -60, 2, 0, 0, 0, 0, 0, 0, 198, -1, AVANZA, no_danger
0, 0, 0, 0, -60, 0, -60, 0, -60, 2, 0, 0, 0, 0, 0, 0, 198, -1, AVANZA, no_danger
0, 0, 0, -60, 0, -60, 0, -60, 0, 2, 0, 0, 0, 0, 0, 0, 198, -1, AVANZA, no_danger
0, 0, 0, -60, 0, -60, 0, -60, 0, 2, 0, 0, 0, 0, 0, 0, 197, -1, AVANZA, no_danger
0, 0, 0, -60, 0, -60, 0, -60, 0, 2, 0, 0, 0, 0, 0, 0, 197, -1, AVANZA, no_danger
0, 0, 0, -60, 0, -60, 0, -60, 0, 2, 0, 0, 0, 0, 0, 0, 197, -1, JUMP-RIGHT, no_danger
0, 0, 0, -60, 0, -60, 0, -60, 0, 2, 0, 0, 0, 0, 0, 0, 197, -1, JUMP-RIGHT, no_danger
0, 0, 0, 0, -60, 0, -60, 80, -60, 2, 0, 0, 0, 0, 0, 0, 197, -1, JUMP-RIGHT, no_danger
0, 0, 0, 0, 0, 0, 0, 0, 80, 2, 0, 0, 0, 0, 0, 0, 197, -1, JUMP-RIGHT, no_danger
0, 0, 0, 0, 0, 0, 0, 0, 0, 2, 0, 0, 1, 0, 0, 0, 197, -1, JUMP-RIGHT, peligro
0, 0, 0, 0, 0, 0, 0, 0, 0, 2, 0, 0, 1, 0, 0, 0, 197, -1, JUMP-RIGHT, peligro
0, 0, 0, 0, 0, 0, 0, 0, 0, 2, 0, 0, 1, 0, 0, 0, 197, -1, JUMP-RIGHT, peligro
0, 0, 0, 0, 0, 0, 0, 0, 0, 2, 0, 0, 1, 0, 0, 0, 197, -1, AVANZA, peligro
0, 0, 0, 0, 0, 0, 0, 0, 0, 2, 0, 0, 1, 0, 0, 0, 197, -1, AVANZA, peligro
0, 0, 0, 0, 0, 0, 0, 0, 0, 2, 0, 0, 1, 0, 0, 0, 197, -1, AVANZA, peligro
0, 0, 0, 0, 0, 0, 0, 0, 0, 2, 0, 0, 1, 0, 0, 0, 197, -1, AVANZA, peligro
0, 0, 0, 0, 0, 0, 0, 0, 0, 2, 0, 0, 1, 0, 0, 0, 197, -1, AVANZA, peligro
0, 0, 0, 0, 0, 0, 0, 0, 0, 2, 0, 0, 1, 0, 0, 0, 197, -1, AVANZA, peligro
0, 0, 0, 0, -60, 0, -60, 0, -60, 2, 0, 0, 0, 0, 0, 0, 196, -1, AVANZA, no_danger
0, 0, 0, 0, -60, 0, -60, 0, -60, 2, 0, 0, 0, 0, 0, 0, 196, -1, AVANZA, no_danger
0, 0, 0, -60, 0, -60, 0, -60, 0, 2, 0, 0, 0, 0, 0, 0, 196, -1, AVANZA, no_danger
0, 0, 0, -60, 0, -60, 0, -60, 0, 2, 0, 0, 0, 0, 0, 0, 196, -1, AVANZA, no_danger
0, 0, -60, -60, 0, -60, 0, -60, 0, 2, 0, 0, 0, 1, 0, 0, 196, -1, AVANZA, peligro
0, 0, -60, -60, 0, -60, 0, -60, 0, 2, 0, 0, 0, 1, 0, 0, 196, -1, AVANZA, peligro
0, -60, -60, -60, 0, -60, 0, -60, 0, 2, 0, 0, 0, 1, 0, 0, 196, -1, JUMP-RIGHT, peligro
0, -60, -60, -60, 0, -60, 0, -60, 0, 2, 0, 0, 0, 1, 0, 0, 196, -1, JUMP-RIGHT, peligro
0, 0, 0, -60, -60, -60, -60, -60, -60, 2, 0, 0, 0, 0, 0, 0, 196, -1, JUMP-RIGHT, no_danger
0, 0, 0, 0, -60, 0, -60, 0, -60, 2, 0, 0, 0, 0, 0, 0, 196, -1, JUMP-RIGHT, no_danger
0, 0, 0, 0, 0, 0, 0, 0, 0, 2, 0, 0, 1, 0, 0, 0, 196, -1, JUMP-RIGHT, peligro
0, 0, 0, 0, 0, 0, 0, 0, -85, 2, 0, 0, 0, 0, 0, 0, 196, -1, JUMP-RIGHT, no_danger
0, 0, 0, 0, 0, 0, 0, 0, -85, 2, 0, 0, 0, 0, 0, 0, 196, -1, AVANZA, no_danger
0, 0, 0, 0, 0, 0, 0, 0, -85, 2, 0, 0, 0, 0, 0, 0, 196, -1, AVANZA, no_danger
0, 0, 0, 0, 0, 0, 0, 0, -85, 2, 0, 0, 0, 0, 0, 0, 196, -1, AVANZA, no_danger
0, 0, 0, 0, 0, 0, -85, 0, -85, 2, 0, 0, 0, 0, 0, 0, 195, -1, AVANZA, no_danger
0, 0, 0, 0, 0, 0, -85, 0, -85, 2, 0, 0, 0, 0, 0, 0, 195, -1, AVANZA, no_danger
0, 0, 0, 0, -60, -85, -60, -85, -60, 2, 0, 0, 0, 0, 0, 0, 195, -1, AVANZA, no_danger
0, 0, 0, -85, -60, -85, -60, 0, -60, 2, 0, 0, 0, 0, 0, 0, 195, -1, AVANZA, no_danger
0, -85, -85, -60, -60, -60, -60, -60, -60, 2, 0, 0, 0, 1, 0, 0, 195, -1, AVANZA, peligro
0, -85, -85, -60, -60, -60, -60, -60, -60, 2, 0, 0, 0, 1, 0, 0, 195, -1, AVANZA, peligro
0, -85, -85, -60, -60, -60, -60, -60, -60, 2, 0, 0, 0, 1, 0, 0, 195, -1, AVANZA, peligro
0, -85, -85, -60, -60, -60, -60, -60, -60, 2, 0, 0, 0, 1, 0, 0, 195, -1, AVANZA, peligro
0, -85, -85, -60, -60, -60, -60, -60, -60, 2, 0, 0, 0, 1, 0, 0, 195, -1, AVANZA, peligro
0, -85, -85, -60, -60, -60, -60, -60, -60, 2, 0, 0, 0, 1, 0, 0, 195, -1, JUMP-RIGHT, peligro
0, -85, -85, -60, -60, -60, -60, -60, -60, 2, 0, 0, 0, 1, 0, 0, 195, -1, JUMP-RIGHT, peligro
0, 0, 0, -85, -60, -85, -60, 0, -60, 2, 0, 0, 0, 0, 0, 0, 195, -1, AVANZA, no_danger
0, 0, 0, 0, -85, 0, -85, 0, 0, 2, 0, 0, 0, 0, 0, 0, 195, -1, AVANZA, no_danger
0, 0, 0, 0, -85, 0, -85, 0, 0, 2, 0, 0, 0, 0, 0, 0, 195, -1, AVANZA, no_danger
0, 0, 0, 0, -85, 0, 0, 0, 0, 2, 0, 0, 0, 0, 0, 0, 195, -1, AVANZA, no_danger
0, 0, 0, 0, -85, 0, 0, 0, 0, 2, 0, 0, 0, 0, 0, 0, 194, -1, AVANZA, no_danger
0, 0, 0, 0, -85, 0, 0, 0, 0, 2, 0, 0, 0, 0, 0, 0, 194, -1, AVANZA, no_danger
0, 0, 0, -85, -60, 0, -60, 0, -60, 2, 0, 0, 0, 0, 0, 0, 194, -1, AVANZA, no_danger
0, 0, 0, -85, -60, 0, -60, 0, -60, 2, 0, 0, 0, 0, 0, 0, 194, -1, AVANZA, no_danger
0, 0, 0, 0, -60, 0, -60, 0, -60, 2, 0, 0, 0, 0, 0, 0, 194, -1, AVANZA, no_danger
0, 0, 0, 0, -60, 0, -60, 0, -60, 2, 0, 0, 0, 0, 0, 0, 194, -1, AVANZA, no_danger
0, 0, 0, 0, -60, 0, -60, 0, -60, 2, 0, 0, 0, 0, 0, 0, 194, -1, JUMP-RIGHT, no_danger
0, 0, 0, 0, -60, 0, -60, 0, -60, 2, 2, 0, 0, 0, 0, 0, 194, -1, JUMP-RIGHT, no_danger
0, 0, 0, 0, 0, 0, 0, 0, 0, 2, 2, 0, 1, 0, 0, 0, 194, -1, JUMP-RIGHT, peligro
0, 0, 0, 0, 0, 0, 0, 80, 0, 2, 4, 0, 0, 0, 0, 0, 194, -1, JUMP-RIGHT, no_danger
0, 0, 0, 0, 0, 0, 0, 0, 80, 2, 4, 0, 0, 0, 0, 0, 194, -1, JUMP-RIGHT, no_danger
0, 0, 0, 0, 0, 0, 80, 0, 0, 2, 6, 0, 0, 0, 0, 0, 194, -1, JUMP-RIGHT, no_danger
0, 0, 0, 0, 0, 0, 0, 0, 0, 2, 6, 0, 1, 0, 0, 0, 194, -1, JUMP-RIGHT, peligro
0, 0, 0, 0, 0, 0, 0, 0, 0, 2, 8, 0, 1, 0, 0, 0, 194, -1, JUMP-RIGHT, peligro
0, 0, 0, 0, 0, 0, 0, 0, 0, 2, 8, 0, 1, 0, 0, 0, 194, -1, AVANZA, peligro
0, 0, 0, 0, 0, 0, 0, 0, 0, 2, 8, 0, 1, 0, 0, 0, 193, -1, AVANZA, peligro
0, 0, 0, 0, 0, 0, 0, 0, 0, 2, 8, 0, 1, 0, 0, 0, 193, -1, AVANZA, peligro
0, 0, 0, 0, 0, 0, 0, 0, 0, 2, 8, 0, 1, 0, 0, 0, 193, -1, AVANZA, peligro
0, 0, 0, 0, -60, 0, -60, 0, -60, 2, 8, 0, 0, 0, 0, 0, 193, -1, AVANZA, no_danger
0, 0, 0, 0, -60, 0, -60, 0, -60, 2, 8, 0, 0, 0, 0, 0, 193, -1, AVANZA, no_danger
0, 0, 0, -60, -60, -60, -60, -60, -60, 2, 8, 0, 0, 0, 0, 0, 193, -1, AVANZA, no_danger
0, 0, 0, -60, -60, -60, -60, -60, -60, 2, 8, 0, 0, 0, 0, 0, 193, -1, AVANZA, no_danger
0, 0, 0, -60, -60, -60, -60, -60, -60, 2, 8, 0, 0, 0, 0, 0, 193, -1, AVANZA, no_danger
2, 0, -24, -60, -60, -60, -60, -60, -60, 2, 11, 0, 0, 1, 0, 0, 193, -1, AVANZA, peligro
2, 0, -24, -60, -60, -60, -60, -60, -60, 2, 11, 0, 0, 1, 0, 0, 193, -1, AVANZA, peligro
2, -24, -24, -60, -60, -60, -60, -60, -60, 2, 14, 1, 0, 1, 0, 0, 193, 15, AVANZA, peligro
2, -24, -24, -60, -60, -60, -60, -60, -60, 2, 14, 1, 0, 1, 0, 1, 193, 15, AVANZA, peligro
0, -24, -24, -60, -60, -60, -60, -60, -60, 2, 13, 2, 0, 1, 0, 1, 193, 31, AVANZA, peligro
0, -24, -24, -60, -60, -60, -60, -60, -60, 2, 13, 2, 0, 1, 0, 2, 193, 31, AVANZA, peligro
0, -24, -24, -60, -60, -60, -60, -60, -60, 2, 13, 2, 0, 1, 0, 2, 193, 31, JUMP-RIGHT, peligro
0, -24, -24, -60, -60, -60, -60, -60, -60, 2, 12, 3, 0, 1, 0, 2, 192, 47, JUMP-RIGHT, peligro
0, 0, 2, -24, -60, -24, -60, 0, -60, 2, 11, 4, 0, 0, 0, 3, 192, 63, JUMP-RIGHT, no_danger
0, 0, 2, 0, -24, 2, -24, 2, 0, 2, 11, 4, 0, 0, 0, 4, 192, 63, JUMP-RIGHT, no_danger
0, 0, 0, 0, 0, 2, 2, 2, 2, 2, 11, 4, 0, 0, 0, 4, 192, 63, AVANZA, no_danger
0, 0, 0, 0, 0, 2, 2, 2, 2, 2, 11, 4, 0, 0, 0, 4, 192, 63, AVANZA, no_danger
0, 0, 0, 2, 2, 2, 2, 0, 0, 2, 15, 4, 0, 0, 0, 4, 192, 63, AVANZA, no_danger
0, 0, 0, 2, 2, 2, 2, 0, 0, 2, 15, 4, 0, 0, 0, 4, 192, 63, AVANZA, no_danger
0, 0, 0, 2, 2, 2, 2, 0, 0, 2, 15, 4, 0, 0, 0, 4, 192, 63, AVANZA, no_danger
0, 2, 2, 2, -24, 2, 0, 0, 0, 2, 15, 4, 0, 0, 0, 4, 192, 63, AVANZA, moneda
0, 2, 2, 2, -24, 2, 0, 0, 0, 2, 15, 4, 0, 0, 0, 4, 192, 63, AVANZA, moneda
0, 0, 2, -24, -60, 0, -60, 0, -60, 2, 13, 6, 0, 0, 0, 4, 192, 95, AVANZA, no_danger
2, 2, 0, 0, -60, 0, -60, 0, 0, 2, 16, 6, 0, 0, 0, 6, 192, 95, AVANZA, moneda
2, 2, 0, 0, -60, 0, -60, 0, 0, 2, 16, 6, 0, 0, 0, 6, 192, 95, AVANZA, moneda
2, 2, 0, 0, -60, 0, -60, 0, 0, 2, 16, 6, 0, 0, 0, 6, 192, 95, AVANZA, moneda
0, 0, 0, 0, -60, 0, -60, 0, 0, 2, 14, 8, 0, 0, 0, 6, 192, 127, AVANZA, no_danger
0, 0, 0, 0, -60, 0, 0, 0, 0, 2, 16, 8, 0, 0, 0, 8, 191, 127, AVANZA, no_danger
0, 0, 0, -60, -60, 0, 0, 0, 0, 2, 16, 8, 0, 0, 0, 8, 191, 127, AVANZA, no_danger
0, 0, 0, -60, -60, 0, 0, 0, 0, 2, 16, 8, 0, 0, 0, 8, 191, 127, AVANZA, no_danger
0, 0, 0, 0, 0, 0, 0, 0, 0, 2, 16, 8, 1, 0, 0, 8, 191, 127, AVANZA, peligro
0, 0, 0, 0, 0, 0, 0, 0, 0, 2, 16, 8, 1, 0, 0, 8, 191, 127, AVANZA, peligro
0, 0, 0, 0, 0, 0, 0, 0, 0, 2, 16, 8, 1, 0, 0, 7, 191, 127, AVANZA, peligro
0, 0, 0, 0, 0, 0, 0, 2, 2, 2, 16, 8, 0, 0, 0, 7, 191, 127, AVANZA, no_danger
0, 0, 0, 0, 80, 0, -24, 2, -24, 2, 12, 8, 0, 0, 0, 6, 191, 127, AVANZA, no_danger
0, 0, 0, 0, 80, 0, -24, 2, -24, 2, 12, 8, 0, 0, 0, 6, 191, 127, AVANZA, no_danger
0, 0, 0, 80, -60, -24, -60, -24, -60, 2, 12, 8, 0, 0, 1, 6, 191, 127, AVANZA, peligro
0, 0, 2, -24, -60, -24, -60, -24, -60, 2, 15, 8, 0, 0, 0, 5, 191, 127, AVANZA, no_danger
0, -24, -24, -60, 0, -60, 0, -60, 0, 2, 15, 8, 0, 1, 0, 4, 191, 137, AVANZA, peligro
0, 0, 2, -24, -60, -24, -60, -24, -60, 2, 15, 8, 0, 0, 0, 4, 191, 137, AVANZA, no_danger
0, 0, 2, 0, -24, 2, -24, 2, -24, 2, 15, 8, 0, 0, 0, 4, 191, 137, AVANZA, no_danger
0, 0, 2, 0, -24, 2, -24, 2, -24, 2, 14, 8, 0, 0, 0, 4, 191, 137, AVANZA, no_danger
0, 0, 2, 0, -24, 2, -24, 2, -24, 2, 14, 8, 0, 0, 0, 4, 190, 137, AVANZA, no_danger
0, 2, 2, 2, -24, 2, -24, 2, 0, 2, 17, 8, 0, 0, 0, 4, 190, 137, AVANZA, moneda
0, 2, 2, 2, -24, 2, -24, 2, 0, 2, 18, 8, 0, 0, 0, 4, 190, 137, AVANZA, moneda
2, 2, 2, -24, -60, -24, -60, 0, -60, 2, 18, 8, 0, 0, 0, 4, 190, 137, AVANZA, moneda
2, 2, 2, -24, -60, -24, -60, 0, -60, 2, 18, 8, 0, 0, 0, 4, 190, 137, AVANZA, moneda
2, 2, 2, -24, -60, -24, -60, 0, -60, 2, 18, 8, 0, 0, 0, 2, 190, 137, AVANZA, moneda
0, 0, 2, -24, -60, -24, -60, 0, -60, 2, 16, 10, 0, 0, 0, 2, 190, 169, AVANZA, no_danger
2, 2, 2, -24, -60, 0, -60, 0, -60, 2, 19, 10, 0, 0, 0, 4, 190, 169, AVANZA, moneda
2, 2, 2, -24, -60, 0, -60, 80, -60, 2, 19, 10, 0, 0, 0, 4, 190, 169, AVANZA, moneda
2, 2, 2, -24, -60, 0, -60, 80, -60, 2, 19, 10, 0, 0, 0, 2, 190, 169, AVANZA, moneda
0, 0, 2, -24, -60, 0, -60, 80, -60, 2, 17, 12, 0, 0, 0, 2, 190, 201, AVANZA, no_danger
2, 2, 2, 0, -60, 80, -60, 0, -60, 2, 20, 12, 0, 0, 1, 4, 190, 201, AVANZA, peligro
2, 2, 2, 0, -60, 80, -60, 0, -60, 2, 20, 12, 0, 0, 1, 4, 190, 201, AVANZA, peligro
0, 0, 2, 0, -60, 80, -60, 0, -60, 2, 18, 14, 0, 0, 1, 4, 190, 233, JUMP-RIGHT, peligro
2, 2, 2, 80, -60, 0, -60, -24, -60, 2, 21, 14, 0, 0, 1, 6, 190, 233, JUMP-RIGHT, peligro
0, 2, 2, 2, 80, 2, 0, 0, -24, 2, 23, 14, 0, 0, 0, 6, 189, 233, JUMP-RIGHT, moneda
0, 0, 0, 2, 2, 2, 2, 0, 0, 2, 27, 14, 0, 0, 0, 6, 189, 233, JUMP-RIGHT, no_danger
0, 0, 0, 0, 2, 0, 0, 0, 0, 2, 31, 14, 0, 0, 0, 6, 189, 233, JUMP-RIGHT, no_danger
0, 0, 0, 0, 2, 0, 0, 0, 0, 2, 31, 14, 0, 0, 0, 6, 189, 233, JUMP-RIGHT, no_danger
0, 0, 0, 0, 2, 0, 0, 0, 0, 2, 31, 14, 0, 0, 0, 6, 189, 233, AVANZA, no_danger
0, 0, 0, 0, 2, 0, 0, 0, 0, 2, 31, 14, 0, 0, 0, 6, 189, 233, AVANZA, no_danger
0, 0, 0, 0, 0, 0, 0, 2, 2, 2, 34, 14, 0, 0, 0, 6, 189, 233, AVANZA, no_danger
0, 0, 0, 0, 0, 0, 0, 2, 2, 2, 34, 14, 0, 0, 0, 6, 189, 233, AVANZA, no_danger
0, 0, 0, 0, 0, 0, 0, 2, 2, 2, 34, 14, 0, 0, 0, 6, 189, 233, AVANZA, no_danger
0, 0, 2, 0, -24, 2, 0, 2, 0, 2, 34, 14, 0, 0, 0, 6, 189, 233, AVANZA, no_danger
0, 0, 2, 0, -24, 2, 0, 2, 0, 2, 34, 14, 0, 0, 0, 6, 189, 233, AVANZA, no_danger
0, 0, 2, -24, -60, 0, -60, 0, -60, 2, 30, 14, 0, 0, 0, 6, 189, 233, AVANZA, no_danger
2, 2, 2, 0, -60, 0, -60, -24, -60, 2, 30, 14, 0, 0, 0, 6, 189, 233, AVANZA, moneda
2, 2, 2, 0, -60, 0, -60, -24, -60, 2, 30, 14, 0, 0, 0, 6, 189, 233, AVANZA, moneda
0, 0, 2, 0, -60, 0, -60, -24, -60, 2, 28, 16, 0, 0, 0, 6, 189, 265, AVANZA, no_danger
2, 2, 2, 0, -60, -24, -60, 0, -60, 2, 28, 16, 0, 0, 0, 8, 188, 265, AVANZA, moneda
2, 0, -24, -60, -60, -60, -60, -60, -60, 2, 24, 16, 0, 1, 0, 6, 188, 265, AVANZA, peligro
0, 0, -24, -60, -60, -60, -60, -60, -60, 2, 22, 18, 0, 1, 0, 6, 188, 297, AVANZA, peligro
2, -24, 0, -60, -60, -60, -60, -60, -60, 2, 22, 18, 0, 1, 0, 8, 188, 297, AVANZA, peligro
2, -24, 0, -60, -60, -60, -60, -60, -60, 2, 22, 18, 0, 1, 0, 8, 188, 297, AVANZA, peligro
0, -24, 0, -60, -60, -60, -60, -60, -60, 2, 21, 19, 0, 1, 0, 6, 188, 313, AVANZA, peligro
0, -24, 0, -60, -60, -60, -60, -60, -60, 2, 21, 19, 0, 1, 0, 7, 188, 313, AVANZA, peligro
0, -24, 0, -60, -60, -60, -60, -60, -60, 2, 21, 19, 0, 1, 0, 7, 188, 313, AVANZA, peligro
0, -24, 0, -60, -60, -60, -60, -60, -60, 2, 21, 19, 0, 1, 0, 5, 188, 313, JUMP-RIGHT, peligro
0, -24, 0, -60, -60, -60, -60, -60, -60, 2, 21, 19, 0, 1, 0, 5, 188, 313, JUMP-RIGHT, peligro
2, 0, 2, -24, -60, 0, -60, -24, -60, 2, 25, 19, 0, 0, 0, 5, 188, 313, JUMP-RIGHT, moneda
0, 0, 2, -24, -60, 0, -60, -24, -60, 2, 24, 20, 0, 0, 0, 5, 188, 329, JUMP-RIGHT, no_danger
0, 0, 2, -24, -60, 0, -60, -24, -60, 2, 24, 20, 0, 0, 0, 6, 188, 329, JUMP-RIGHT, no_danger
2, 2, 2, 0, -60, -24, -60, -24, -60, 2, 24, 20, 0, 0, 0, 6, 188, 329, JUMP-RIGHT, moneda
2, 2, 2, 0, -60, -24, -60, -24, -60, 2, 24, 20, 0, 0, 0, 6, 188, 329, AVANZA, moneda
2, 2, 2, 0, -60, -24, -60, -24, -60, 2, 24, 20, 0, 0, 0, 6, 187, 329, AVANZA, moneda
2, 2, 2, 0, -60, -24, -60, -24, -60, 2, 24, 20, 0, 0, 0, 6, 187, 329, AVANZA, moneda
2, 2, 2, 0, -60, -24, -60, -24, -60, 2, 24, 20, 0, 0, 0, 6, 187, 329, AVANZA, moneda
0, 0, 2, 0, -60, -24, -60, -24, -60, 2, 22, 22, 0, 0, 0, 6, 187, 361, AVANZA, no_danger
2, 2, 2, -24, -60, -24, -60, 0, -60, 2, 22, 22, 0, 0, 0, 8, 187, 361, AVANZA, moneda
2, -24, -24, -60, -60, -60, -60, -60, -60, 2, 18, 22, 0, 1, 0, 8, 187, 361, AVANZA, peligro
2, -24, -24, -60, -60, -60, -60, -60, -60, 2, 18, 22, 0, 1, 0, 8, 187, 361, AVANZA, peligro
0, -24, -24, -60, -60, -60, -60, -60, -60, 2, 16, 24, 0, 1, 0, 8, 187, 393, AVANZA, peligro
0, -24, -24, -60, -60, -60, -60, -60, -60, 2, 16, 24, 0, 1, 0, 10, 187, 393, AVANZA, peligro
0, -24, -24, -60, -60, -60, -60, -60, -60, 2, 16, 24, 0, 1, 0, 8, 187, 393, AVANZA, peligro
0, -24, -24, -60, -60, -60, -60, -60, -60, 2, 16, 24, 0, 1, 0, 8, 187, 393, JUMP-RIGHT, peligro
0, -24, -24, -60, -60, -60, -60, -60, -60, 2, 16, 24, 0, 1, 0, 8, 187, 393, JUMP-RIGHT, peligro
0, 0, 2, -24, -60, -24, -60, 80, -60, 2, 20, 24, 0, 0, 0, 6, 187, 393, JUMP-RIGHT, no_danger
0, 0, 2, -24, -60, -24, -60, 80, -60, 2, 20, 24, 0, 0, 0, 6, 187, 393, JUMP-RIGHT, no_danger
0, 0, 2, -24, -60, -24, -60, 80, -60, 2, 20, 24, 0, 0, 0, 6, 187, 393, AVANZA, no_danger
2, 2, 2, -24, -60, 80, -60, 0, -60, 2, 19, 24, 0, 0, 1, 5, 186, 393, AVANZA, peligro
2, 2, 2, -24, -60, 80, -60, 0, -60, 2, 19, 24, 0, 0, 1, 5, 186, 393, AVANZA, peligro
2, 2, 2, -24, -60, 80, -60, 0, -60, 2, 19, 24, 0, 0, 1, 5, 186, 393, AVANZA, peligro
2, 2, 2, -24, -60, 80, -60, 0, -60, 2, 19, 24, 0, 0, 1, 5, 186, 393, AVANZA, peligro
2, 2, 2, -24, -60, 0, -60, 80, -60, 2, 19, 24, 0, 0, 0, 5, 186, 393, AVANZA, moneda
0, 0, 2, -24, -60, 0, -60, 80, -60, 2, 17, 26, 0, 0, 0, 5, 186, 425, AVANZA, no_danger
2, 2, 0, 0, -60, 80, -60, -60, -60, 2, 16, 26, 0, 0, 1, 6, 186, 425, AVANZA, peligro
2, 2, 0, 0, -60, 80, -60, -60, -60, 2, 16, 26, 0, 0, 1, 6, 186, 425, AVANZA, peligro
2, 2, 0, 0, -60, 80, -60, -60, -60, 2, 16, 26, 0, 0, 1, 6, 186, 425, AVANZA, peligro
0, 0, 0, 0, -60, 80, -60, -60, -60, 2, 14, 28, 0, 0, 1, 6, 186, 457, AVANZA, peligro
0, 0, 0, 80, -60, -60, -60, -60, -60, 2, 12, 28, 0, 0, 1, 8, 186, 457, AVANZA, peligro
0, 0, 0, 80, -60, -60, -60, -60, -60, 2, 12, 28, 0, 0, 1, 8, 186, 457, AVANZA, peligro
0, 80, -60, -60, -60, -60, -60, -60, -60, 2, 8, 28, 0, 1, 1, 8, 186, 457, AVANZA, peligro
0, -60, -60, -60, -60, -60, -60, -60, -60, 2, 6, 28, 0, 1, 0, 6, 186, 467, AVANZA, peligro
0, 0, 0, -60, -60, -60, -60, -60, -60, 2, 10, 28, 0, 0, 0, 6, 186, 467, AVANZA, no_danger
0, 0, 0, 0, -60, 0, -60, 0, -60, 2, 10, 28, 0, 0, 0, 6, 185, 467, AVANZA, no_danger
0, 0, 0, 0, -60, 0, -60, 0, -60, 2, 10, 28, 0, 0, 0, 6, 185, 467, AVANZA, no_danger
0, 0, 0, 0, -60, 0, -60, 0, -60, 2, 10, 28, 0, 0, 0, 4, 185, 467, AVANZA, no_danger
0, 0, 0, 0, -60, 0, -60, 0, -60, 2, 10, 28, 0, 0, 0, 4, 185, 467, AVANZA, no_danger
0, 0, 0, 0, -60, 0, -60, 0, -60, 2, 10, 28, 0, 0, 0, 4, 185, 467, AVANZA, no_danger
0, 0, 0, -60, -60, -60, -60, -60, -60, 2, 13, 28, 0, 0, 0, 4, 185, 467, AVANZA, no_danger
0, 0, 0, -60, -60, -60, -60, -60, -60, 2, 13, 28, 0, 0, 0, 4, 185, 467, AVANZA, no_danger
0, 0, 0, -60, -60, -60, -60, -60, -60, 2, 13, 28, 0, 0, 0, 4, 185, 467, AVANZA, no_danger
0, 0, 0, -60, -60, -60, -60, 0, -60, 2, 15, 28, 0, 0, 0, 4, 185, 467, AVANZA, no_danger
0, 0, 0, -60, -60, -60, -60, 0, -60, 2, 15, 28, 0, 0, 0, 4, 185, 467, AVANZA, no_danger
0, 0, 0, -60, -60, -60, -60, 0, -60, 2, 15, 28, 0, 0, 0, 4, 185, 467, AVANZA, no_danger
0, 0, 0, -60, -60, 0, -60, 0, -60, 2, 16, 28, 0, 0, 0, 4, 185, 467, AVANZA, no_danger
0, 0, 0, -60, -60, 0, -60, 0, -60, 2, 16, 28, 0, 0, 0, 4, 185, 467, AVANZA, no_danger
0, 0, 0, -60, -60, 0, -60, 0, -60, 2, 16, 28, 0, 0, 0, 4, 185, 467, AVANZA, no_danger
0, 0, 0, 0, -60, 0, -60, 80, -60, 2, 15, 28, 0, 0, 0, 4, 185, 467, AVANZA, no_danger
0, 0, 0, 0, -60, 0, -60, 80, -60, 2, 15, 28, 0, 0, 0, 2, 184, 467, AVANZA, no_danger
0, 0, 0, 0, -60, 80, -60, 0, -60, 2, 13, 28, 0, 0, 1, 2, 184, 467, JUMP-RIGHT, peligro
0, 0, 0, 0, -60, 80, -60, 0, -60, 2, 13, 28, 0, 0, 1, 2, 184, 467, JUMP-RIGHT, peligro
0, 0, 0, 0, 80, 0, 0, -24, -60, 2, 11, 28, 0, 0, 0, 2, 184, 467, JUMP-RIGHT, no_danger
0, 0, 0, 0, 0, 0, 0, 0, -24, 2, 11, 28, 0, 0, 0, 0, 184, 467, JUMP-RIGHT, no_danger
0, 0, 0, 0, 0, 0, 0, 2, 2, 2, 9, 28, 0, 0, 0, 0, 184, 467, AVANZA, no_danger
0, 0, 0, 0, 0, 0, 0, 2, 2, 2, 9, 28, 0, 0, 0, 0, 184, 467, AVANZA, no_danger
0, 0, 0, 0, 0, 2, 2, 2, 2, 2, 8, 28, 0, 0, 0, 0, 184, 467, AVANZA, no_danger
0, 0, 0, 0, 0, 2, 2, 2, 2, 2, 8, 28, 0, 0, 0, 0, 184, 467, AVANZA, no_danger
0, 0, 0, 2, 2, 2, 2, 2, 2, 2, 8, 28, 0, 0, 0, 0, 184, 467, AVANZA, no_danger
0, 2, 2, 2, -24, 2, -24, 2, -24, 2, 8, 28, 0, 0, 0, 0, 184, 467, AVANZA, moneda
0, 0, 2, 0, -24, 2, -24, 2, -24, 2, 6, 30, 0, 0, 0, 0, 184, 499, AVANZA, no_danger
2, 2, 2, -24, -60, -24, -60, 0, -60, 2, 6, 30, 0, 0, 0, 2, 184, 499, AVANZA, moneda
2, 2, 2, -24, -60, -24, -60, 0, -60, 2, 6, 30, 0, 0, 0, 2, 184, 499, AVANZA, moneda
2, 2, 0, -24, -60, 0, -60, 0, -60, 2, 4, 32, 0, 0, 0, 2, 184, 531, AVANZA, moneda
2, 2, 0, -24, -60, 0, -60, 0, -60, 2, 4, 32, 0, 0, 0, 4, 183, 531, AVANZA, moneda
0, 0, 0, -24, -60, 0, -60, 0, -60, 2, 2, 34, 0, 0, 0, 4, 183, 563, AVANZA, no_danger
0, 0, 0, 0, -60, 80, -60, 0, 0, 2, 2, 34, 0, 0, 1, 6, 183, 563, AVANZA, peligro
0, 0, 0, 0, -60, 80, -60, 0, 0, 2, 2, 34, 0, 0, 1, 6, 183, 563, AVANZA, peligro
0, 0, 0, 80, -60, 0, 0, 0, 0, 2, 2, 34, 0, 0, 1, 6, 183, 563, JUMP-RIGHT, peligro
0, 0, 0, 80, -60, 0, 0, 0, 0, 2, 2, 34, 0, 0, 1, 6, 183, 563, JUMP-RIGHT, peligro
0, 0, 0, 0, 80, 0, 0, 0, 0, 2, 2, 34, 0, 0, 0, 6, 183, 563, JUMP-RIGHT, no_danger
0, 0, 0, 0, 0, 0, 0, 0, 0, 2, 2, 34, 1, 0, 0, 6, 183, 563, JUMP-RIGHT, peligro
0, 0, -62, 0, 0, 0, 0, 0, 0, 2, 2, 34, 1, 1, 0, 6, 183, 563, JUMP-RIGHT, peligro
0, 0, -62, 0, 0, 0, 0, 0, 0, 2, 2, 34, 1, 1, 0, 6, 183, 563, JUMP-RIGHT, peligro
0, -62, 0, 0, 0, 0, 0, 0, 0, 2, 2, 34, 1, 1, 0, 6, 183, 563, JUMP-RIGHT, peligro
0, 0, 0, -62, 0, 0, 0, 0, 0, 2, 2, 34, 0, 0, 0, 6, 183, 563, JUMP-RIGHT, no_danger
0, 0, 0, -62, 0, 0, 0, 0, 0, 2, 2, 34, 0, 0, 0, 6, 183, 563, JUMP-RIGHT, no_danger
0, 0, 0, 0, 0, 0, 0, 0, 0, 2, 2, 34, 1, 0, 0, 6, 183, 563, JUMP-RIGHT, peligro
0, 0, 0, 0, 0, 0, 0, 0, 0, 2, 2, 34, 1, 0, 0, 6, 183, 563, JUMP-RIGHT, peligro
0, 0, 0, 0, 0, 0, 0, 0, 0, 2, 2, 34, 1, 0, 0, 6, 182, 563, JUMP-RIGHT, peligro
0, 0, 0, 0, 0, 0, 0, 0, 0, 2, 2, 34, 1, 0, 0, 6, 182, 563, JUMP-RIGHT, peligro
0, 0, 0, 0, 0, 0, 0, 0, 0, 2, 2, 34, 1, 0, 0, 6, 182, 563, JUMP-RIGHT, peligro
0, 0, 0, 0, 0, 0, 0, 0, 0, 2, 2, 34, 1, 0, 0, 6, 182, 563, JUMP-RIGHT, peligro
0, 0, 0, 0, 0, 0, 0, 0, 0, 2, 2, 34, 1, 0, 0, 6, 182, 563, JUMP-RIGHT, peligro
0, 0, 0, 0, 0, 0, 0, 0, 0, 2, 2, 34, 1, 0, 0, 6, 182, 563, JUMP-RIGHT, peligro
0, 0, 0, 0, 80, 0, 0, 0, 0, 2, 2, 34, 0, 0, 0, 4, 182, 563, AVANZA, no_danger
0, 0, 0, 0, 0, 0, 0, 0, 0, 2, 2, 34, 1, 0, 0, 4, 182, 563, AVANZA, peligro
0, 0, 0, 0, -60, 0, -60, 0, -60, 2, 2, 34, 0, 0, 0, 4, 182, 563, AVANZA, no_danger
0, 0, 0, -60, -60, -60, -60, -60, -60, 2, 1, 34, 0, 0, 0, 2, 182, 573, AVANZA, no_danger
0, 0, 0, 0, -60, 0, -60, 0, -60, 2, 1, 34, 0, 0, 0, 2, 182, 573, AVANZA, no_danger
0, 0, -62, 0, 0, 0, 0, 0, 0, 2, 1, 34, 1, 1, 0, 0, 182, 573, AVANZA, peligro
0, -62, -62, 0, 0, 0, 0, 0, 0, 2, 0, 34, 1, 1, 0, 0, 182, 573, AVANZA, peligro
0, -62, -62, 0, 0, 0, 0, 0, 0, 2, 0, 34, 1, 1, 0, 0, 182, 573, AVANZA, peligro
0, -62, -62, 0, 0, 0, 0, 0, 0, 2, 0, 34, 1, 1, 0, 0, 182, 573, AVANZA, peligro
-62, 0, 0, 0, -60, 0, -60, 0, -60, 2, 0, 34, 0, 1, 0, 0, 181, 573, AVANZA, peligro
-62, 0, 0, 0, -60, 0, -60, 0, -60, 2, 0, 34, 0, 1, 0, 0, 181, 573, AVANZA, peligro
-62, 0, 0, 0, -60, 0, -60, 0, -60, 2, 0, 34, 0, 1, 0, 0, 181, 573, AVANZA, peligro
0, 0, 0, -60, -60, -60, -60, -60, -60, 2, 0, 34, 0, 0, 0, 0, 181, 573, AVANZA, no_danger
0, 0, 0, -60, -60, -60, -60, -60, -60, 2, 0, 34, 0, 0, 0, 0, 181, 573, AVANZA, no_danger
0, 0, 0, -60, -60, -60, -60, -60, -60, 2, 0, 34, 0, 0, 0, 0, 181, 573, AVANZA, no_danger
0, 0, 0, -60, -60, -60, -60, -60, -60, 2, 0, 34, 0, 0, 0, 0, 181, 573, AVANZA, no_danger
0, 0, 0, -60, -60, -60, -60, -60, -60, 2, 0, 34, 0, 0, 0, 0, 181, 573, AVANZA, no_danger
0, 0, 0, -60, -60, -60, -60, -60, -60, 2, 0, 34, 0, 0, 0, 0, 181, 573, AVANZA, no_danger
0, 0, 0, -60, -60, -60, -60, -60, -60, 2, 0, 34, 0, 0, 0, 0, 181, 573, AVANZA, no_danger
0, 0, 0, -60, -60, -60, -60, -60, -60, 2, 0, 34, 0, 0, 0, 0, 181, 573, AVANZA, no_danger
0, 0, 0, -60, -60, -60, -60, -60, -60, 2, 0, 34, 0, 0, 0, 0, 181, 573, AVANZA, no_danger
0, 0, 0, -60, -60, -60, -60, -60, -60, 2, 0, 34, 0, 0, 0, 0, 181, 573, AVANZA, no_danger
0, 0, 0, -60, -60, -60, -60, -60, -60, 2, 0, 34, 0, 0, 0, 0, 181, 573, AVANZA, no_danger
0, 0, 80, -60, -60, -60, -60, -60, -60, 2, 0, 34, 0, 0, 1, 0, 181, 573, JUMP-RIGHT, peligro
0, 0, 0, -60, -60, -60, -60, -60, -60, 2, 0, 34, 0, 0, 0, 0, 180, 573, JUMP-RIGHT, no_danger
0, 0, 0, 0, -60, 0, -60, -60, -60, 2, 0, 34, 0, 0, 0, 0, 180, 573, JUMP-RIGHT, no_danger
0, 0, 0, 0, 0, 0, 0, 0, -60, 2, 0, 34, 0, 0, 0, 0, 180, 573, JUMP-RIGHT, no_danger
0, 0, 0, 0, 0, 0, 0, 0, 0, 2, 0, 34, 1, 0, 0, 0, 180, 573, JUMP-RIGHT, peligro
0, 0, 0, 0, 0, 0, 0, 0, 0, 2, 0, 34, 1, 0, 0, 0, 180, 573, JUMP-RIGHT, peligro
0, 0, 0, 0, 0, 0, 0, 0, -85, 2, 0, 34, 0, 0, 0, 0, 180, 573, JUMP-RIGHT, no_danger
0, 0, 0, 0, 0, 0, 0, 0, 0, 2, 0, 34, 1, 0, 0, 0, 180, 573, AVANZA, peligro
0, 0, 0, 0, 0, 0, 0, 0, 0, 2, 0, 34, 1, 0, 0, 0, 180, 573, AVANZA, peligro
0, 0, 0, 0, 0, 0, -85, 0, -85, 2, 0, 34, 0, 0, 0, 0, 180, 573, AVANZA, no_danger
0, 0, 0, 0, -85, 0, -85, 0, 0, 2, 3, 34, 0, 0, 0, 0, 180, 573, AVANZA, no_danger
0, 0, 0, 0, -85, 0, -85, 0, 0, 2, 3, 34, 0, 0, 0, 0, 180, 573, AVANZA, no_danger
0, 0, 0, -85, -60, 0, -60, 0, -60, 2, 6, 34, 0, 0, 0, 0, 180, 573, AVANZA, no_danger
0, 0, 0, -85, -60, 0, -60, 0, -60, 2, 6, 34, 0, 0, 0, 0, 180, 573, AVANZA, no_danger
0, 0, 0, 0, -60, 0, -60, 0, -60, 2, 9, 34, 0, 0, 0, 0, 180, 573, AVANZA, no_danger
0, 0, 0, 0, -60, 0, -60, 0, -60, 2, 9, 34, 0, 0, 0, 0, 180, 573, AVANZA, no_danger
0, 0, 0, 0, -60, 0, -60, 0, -60, 2, 9, 34, 0, 0, 0, 0, 179, 573, JUMP-RIGHT, no_danger
0, 0, 0, 0, -60, 0, -60, 0, -60, 2, 12, 34, 0, 0, 0, 0, 179, 573, JUMP-RIGHT, no_danger
0, 0, 0, 0, 0, 0, 0, 0, 80, 2, 12, 34, 0, 0, 0, 0, 179, 573, JUMP-RIGHT, no_danger
0, 0, 0, 0, 0, 0, 0, 0, 0, 2, 14, 34, 1, 0, 0, 0, 179, 573, JUMP-RIGHT, peligro
0, 0, 0, 0, 0, 0, 0, 0, 0, 2, 14, 34, 1, 0, 0, 0, 179, 573, JUMP-RIGHT, peligro
0, 0, 0, 0, 0, 0, 0, 0, 0, 2, 14, 34, 1, 0, 0, 0, 179, 573, JUMP-RIGHT, peligro
0, 0, 0, 0, 0, 0, 0, 0, 0, 2, 16, 34, 1, 0, 0, 0, 179, 573, JUMP-RIGHT, peligro
0, 0, 0, 0, 0, 0, 0, 0, 0, 2, 16, 34, 1, 0, 0, 0, 179, 573, AVANZA, peligro
0, 0, 0, 0, 0, 0, 0, 0, 2, 2, 16, 34, 0, 0, 0, 0, 179, 573, AVANZA, no_danger
0, 0, 0, 0, 0, 0, 0, 2, 2, 2, 16, 34, 0, 0, 0, 0, 179, 573, AVANZA, no_danger
0, 0, 0, 0, 0, 0, 0, 2, 2, 2, 16, 34, 0, 0, 0, 0, 179, 573, AVANZA, no_danger
0, 0, 0, 0, 0, 2, 2, 2, 2, 2, 16, 34, 0, 0, 0, 0, 179, 573, AVANZA, no_danger
0, 0, 2, 0, -24, 2, -24, 2, -24, 2, 16, 34, 0, 0, 0, 0, 179, 573, AVANZA, no_danger
0, 0, 2, -24, -60, -24, -60, -24, -60, 2, 16, 34, 0, 0, 0, 0, 179, 573, AVANZA, no_danger
2, 2, 2, -24, -60, -24, -60, -24, -60, 2, 17, 34, 0, 0, 0, 0, 179, 573, AVANZA, moneda
2, 2, 2, -24, -60, -24, -60, -24, -60, 2, 17, 34, 0, 0, 0, 0, 178, 573, AVANZA, moneda
0, 0, 2, -24, -60, -24, -60, -24, -60, 2, 15, 36, 0, 0, 0, 0, 178, 605, AVANZA, no_danger
2, 2, 2, -24, -60, -24, -60, -24, -60, 2, 17, 36, 0, 0, 0, 2, 178, 605, AVANZA, moneda
2, 2, 2, -24, -60, -24, -60, -24, -60, 2, 17, 36, 0, 0, 0, 2, 178, 605, AVANZA, moneda
0, 0, 2, -24, -60, -24, -60, -24, -60, 2, 15, 38, 0, 0, 0, 2, 178, 637, AVANZA, no_danger
2, 2, 2, -24, -60, -24, -60, -24, -60, 2, 19, 38, 0, 0, 0, 4, 178, 637, AVANZA, moneda
2, 2, 2, -24, -60, -24, -60, -24, -60, 2, 19, 38, 0, 0, 0, 4, 178, 637, AVANZA, moneda
0, 0, 2, -24, -60, -24, -60, -24, -60, 2, 17, 40, 0, 0, 0, 4, 178, 669, AVANZA, no_danger
2, 2, 2, -24, -60, -24, -60, -24, -60, 2, 21, 40, 0, 0, 0, 6, 178, 669, AVANZA, moneda
2, 2, 2, -24, -60, -24, -60, -24, -60, 2, 21, 40, 0, 0, 0, 6, 178, 669, AVANZA, moneda
2, 2, 2, -24, -60, -24, -60, 0, -60, 2, 21, 42, 0, 0, 0, 6, 178, 701, AVANZA, moneda
2, 2, 2, -24, -60, -24, -60, 0, -60, 2, 21, 42, 0, 0, 0, 8, 178, 701, AVANZA, moneda
2, 2, 2, -24, -60, -24, -60, 0, -60, 2, 21, 42, 0, 0, 0, 8, 178, 701, AVANZA, moneda
2, 2, 0, -24, -60, 0, -60, 0, 0, 2, 19, 44, 0, 0, 0, 8, 178, 733, AVANZA, moneda
2, 2, 0, -24, -60, 0, -60, 0, 0, 2, 19, 44, 0, 0, 0, 10, 178, 733, AVANZA, moneda
0, 0, 0, -24, -60, 0, -60, 0, 0, 2, 17, 46, 0, 0, 0, 10, 177, 765, AVANZA, no_danger
0, 0, 0, 0, -60, 0, 0, 0, 0, 2, 17, 46, 0, 0, 0, 12, 177, 765, AVANZA, no_danger
0, 0, 0, 0, -60, 0, 0, 0, 0, 2, 17, 46, 0, 0, 0, 12, 177, 765, AVANZA, no_danger
0, 0, 0, 0, -60, 0, 0, 0, 0, 2, 17, 46, 0, 0, 0, 12, 177, 765, AVANZA, no_danger
0, 0, 0, 0, 0, 0, 0, 0, 0, 2, 17, 46, 1, 0, 0, 12, 177, 765, AVANZA, peligro
0, 0, 0, 0, 0, 0, 0, 0, 0, 2, 17, 46, 1, 0, 0, 12, 177, 765, AVANZA, peligro
0, 0, 0, 0, 0, 0, 0, 0, 0, 2, 17, 46, 1, 0, 0, 12, 177, 765, AVANZA, peligro
0, 0, 0, 0, 0, 0, 0, 2, 2, 2, 17, 46, 0, 0, 0, 12, 177, 765, AVANZA, no_danger
0, 0, 0, 0, 0, 0, -24, 2, -24, 2, 13, 46, 0, 0, 0, 12, 177, 765, AVANZA, no_danger
0, 0, 0, 0, 0, 0, -24, 2, -24, 2, 13, 46, 0, 0, 0, 12, 177, 765, AVANZA, no_danger
0, 0, 2, -24, -60, -24, -60, -24, -60, 2, 10, 46, 0, 0, 0, 12, 177, 765, AVANZA, no_danger
0, -24, -24, -60, 0, -60, 0, -60, 0, 2, 10, 46, 0, 1, 0, 10, 177, 765, AVANZA, peligro
0, -24, -24, -60, 0, -60, 0, -60, 0, 2, 10, 46, 0, 1, 0, 10, 177, 765, AVANZA, peligro
0, -24, -24, -60, 0, -60, 0, -60, 0, 2, 10, 46, 0, 1, 0, 10, 177, 765, AVANZA, peligro
0, -24, -24, -60, 0, -60, 0, -60, 0, 1, 10, 46, 0, 1, 0, 8, 177, 723, AVANZA, peligro
0, -24, -24, -60, 0, -60, 0, -60, 0, 1, 10, 46, 0, 1, 0, 8, 176, 723, AVANZA, peligro
0, -24, -24, -60, 0, -60, 0, -60, 0, 1, 10, 46, 0, 1, 0, 8, 176, 723, AVANZA, peligro
0, -24, -24, -60, 0, -60, 0, -60, 0, 1, 10, 46, 0, 1, 0, 6, 176, 723, JUMP-RIGHT, peligro
0, -24, -24, -60, 0, -60, 0, -60, 0, 1, 10, 46, 0, 1, 0, 6, 176, 723, JUMP-RIGHT, peligro
0, 0, 2, -24, -60, -24, -60, -24, -60, 1, 10, 46, 0, 0, 0, 6, 176, 723, JUMP-RIGHT, no_danger
0, 0, 2, 0, -24, 2, -24, 2, -24, 1, 14, 46, 0, 0, 0, 4, 176, 723, AVANZA, no_danger
0, 0, 2, 0, -24, 2, -24, 2, -24, 1, 14, 46, 0, 0, 0, 4, 176, 723, AVANZA, no_danger
0, -24, -24, 2, 2, 2, 2, 2, 2, 1, 19, 46, 0, 1, 0, 4, 176, 723, AVANZA, peligro
-24, 2, 2, 2, -24, 2, -24, 2, -24, 1, 15, 46, 0, 1, 0, 2, 176, 723, AVANZA, peligro
-24, 2, 2, 2, -24, 2, -24, 2, -24, 1, 15, 46, 0, 1, 0, 2, 176, 723, AVANZA, peligro
-24, 2, 2, 2, -24, 2, -24, 2, -24, 1, 15, 46, 0, 1, 0, 0, 176, 723, AVANZA, peligro
2, 2, 2, -24, -60, -24, -60, -24, -60, 1, 11, 46, 0, 0, 0, 0, 176, 723, AVANZA, moneda
0, 0, 2, -24, -60, -24, -60, -24, -60, 1, 9, 48, 0, 0, 0, 0, 176, 755, AVANZA, no_danger
0, 0, 2, -24, -60, -24, -60, -24, -60, 1, 9, 48, 0, 0, 0, 2, 176, 755, AVANZA, no_danger
0, 0, 2, -24, -60, -24, -60, -24, -60, 1, 9, 48, 0, 0, 0, 2, 176, 755, AVANZA, no_danger
0, 0, 2, -24, -60, -24, -60, -24, -60, 1, 9, 48, 0, 0, 0, 2, 175, 755, AVANZA, no_danger
2, 2, 2, -24, -60, -24, -60, 80, -60, 1, 10, 48, 0, 0, 0, 2, 175, 755, AVANZA, moneda
2, 2, 2, -24, -60, -24, -60, 80, -60, 1, 10, 48, 0, 0, 0, 2, 175, 755, AVANZA, moneda
2, 2, 2, -24, -60, -24, -60, 80, -60, 1, 10, 48, 0, 0, 0, 2, 175, 755, AVANZA, moneda
2, 2, 2, -24, -60, -24, -60, 80, -60, 1, 10, 48, 0, 0, 0, 2, 175, 755, AVANZA, moneda
2, 2, 2, -24, -60, -24, -60, 80, -60, 1, 10, 48, 0, 0, 0, 2, 175, 755, AVANZA, moneda
0, 0, 2, -24, -60, -24, -60, 80, -60, 1, 8, 50, 0, 0, 0, 2, 175, 787, AVANZA, no_danger
2, 2, 0, -24, -60, 80, -60, 0, -60, 1, 9, 50, 0, 0, 1, 4, 175, 787, AVANZA, peligro
2, 2, 0, -24, -60, 0, -60, 80, -60, 1, 9, 50, 0, 0, 0, 4, 175, 787, AVANZA, moneda
2, 2, 0, -24, -60, 0, -60, 80, -60, 1, 9, 50, 0, 0, 0, 4, 175, 787, AVANZA, moneda
0, 0, 0, -24, -60, 0, -60, 80, -60, 1, 7, 52, 0, 0, 0, 4, 175, 819, AVANZA, no_danger
0, 0, 0, 0, -60, 80, -60, 0, -60, 1, 7, 52, 0, 0, 1, 6, 175, 819, AVANZA, peligro
0, 0, 0, 0, -60, 80, -60, 0, -60, 1, 7, 52, 0, 0, 1, 6, 175, 819, AVANZA, peligro
0, 0, 0, 0, -60, 80, -60, 0, -60, 1, 7, 52, 0, 0, 1, 6, 175, 819, AVANZA, peligro
0, 0, 0, 80, -60, 0, -60, -60, -60, 1, 7, 52, 0, 0, 1, 6, 175, 819, AVANZA, peligro
0, 0, 0, 80, -60, 0, -60, -60, -60, 1, 7, 52, 0, 0, 1, 6, 174, 819, AVANZA, peligro
0, 80, 0, -60, 0, -60, 0, -60, 0, 1, 7, 52, 0, 0, 1, 6, 174, 819, JUMP-RIGHT, peligro
0, 80, -60, -60, 0, -60, 0, -60, 0, 1, 7, 52, 0, 1, 1, 6, 174, 819, JUMP-RIGHT, peligro
0, 80, -60, -60, 0, -60, 0, -60, 0, 1, 7, 52, 0, 1, 1, 6, 174, 819, JUMP-RIGHT, peligro
0, 80, -60, -60, 0, -60, 0, -60, 0, 0, 7, 52, 0, 1, 1, 6, 174, 777, JUMP-RIGHT, peligro
0, 80, -60, -60, 0, -60, 0, -60, 0, 0, 7, 52, 0, 1, 1, 6, 174, 777, JUMP-RIGHT, peligro
-60, -60, -60, -60, 0, -60, 0, -60, 0, 0, 7, 52, 0, 1, 0, 6, 174, 777, AVANZA, peligro
-60, -60, -60, -60, 0, -60, 0, -60, 0, 0, 7, 52, 0, 1, 0, 4, 174, 777, AVANZA, peligro
-60, -60, -60, -60, 0, -60, 0, -60, 0, 0, 7, 52, 0, 1, 0, 4, 174, 777, AVANZA, peligro
-60, -60, -60, -60, 0, -60, 0, -60, 0, 0, 7, 52, 0, 1, 0, 4, 174, 777, JUMP-RIGHT, peligro
0, -60, -60, -60, -60, -60, -60, -60, -60, 0, 7, 52, 0, 1, 0, 4, 174, 777, JUMP-RIGHT, peligro
0, 0, 0, -60, -60, -60, -60, -60, -60, 0, 11, 52, 0, 0, 0, 4, 174, 777, JUMP-RIGHT, no_danger
0, 0, 0, 0, -60, 0, -60, 0, -60, 0, 11, 52, 0, 0, 0, 4, 174, 777, JUMP-RIGHT, no_danger
0, 0, 0, 0, -60, 0, -60, 0, -60, 0, 11, 52, 0, 0, 0, 4, 174, 777, JUMP-RIGHT, no_danger
0, 0, 0, 0, -60, 0, -60, 0, -60, 0, 11, 52, 0, 0, 0, 4, 174, 777, AVANZA, no_danger
0, 0, 0, 0, -60, 0, -60, 0, -60, 0, 11, 52, 0, 0, 0, 4, 173, 777, AVANZA, no_danger
0, 0, 0, 0, -60, 0, -60, 0, -60, 0, 11, 52, 0, 0, 0, 2, 173, 777, AVANZA, no_danger
0, 0, 0, 0, -60, 0, -60, 0, -60, 0, 11, 52, 0, 0, 0, 2, 173, 777, AVANZA, no_danger
0, 0, 0, 0, -60, 0, -60, 0, -60, 0, 11, 52, 0, 0, 0, 2, 173, 777, AVANZA, no_danger
0, 0, 0, -60, -60, -60, -60, -60, -60, 0, 11, 52, 0, 0, 0, 2, 173, 777, AVANZA, no_danger
0, 0, 0, -60, -60, -60, -60, -60, -60, 0, 11, 52, 0, 0, 0, 0, 173, 777, AVANZA, no_danger
0, 0, 0, -60, -60, -60, -60, -60, -60, 0, 11, 52, 0, 0, 0, 0, 173, 777, AVANZA, no_danger
0, 0, 0, -60, -60, -60, -60, -60, -60, 0, 11, 52, 0, 0, 0, 0, 173, 777, AVANZA, no_danger
0, 0, 0, -60, -60, -60, -60, -60, -60, 0, 11, 52, 0, 0, 0, 0, 173, 777, AVANZA, no_danger
0, 0, -24, -60, -60, -60, -60, -60, -60, 0, 10, 52, 0, 1, 0, 0, 173, 777, AVANZA, peligro
0, 0, -24, -60, -60, -60, -60, -60, -60, 0, 10, 52, 0, 1, 0, 0, 173, 777, AVANZA, peligro
0, 0, -24, -60, -60, -60, -60, -60, -60, 0, 10, 52, 0, 1, 0, 0, 173, 777, AVANZA, peligro
0, -24, 0, -60, -60, -60, -60, -60, -60, 0, 8, 52, 0, 1, 0, 0, 173, 777, JUMP-RIGHT, peligro
0, -24, 0, -60, -60, -60, -60, -60, -60, 0, 8, 52, 0, 1, 0, 0, 173, 777, JUMP-RIGHT, peligro
0, 0, 0, -24, -60, 0, -60, 80, -60, 0, 8, 52, 0, 0, 0, 0, 173, 777, JUMP-RIGHT, no_danger
-24, 0, 0, 0, -24, 0, 0, 0, 80, 0, 9, 52, 0, 1, 0, 0, 172, 777, JUMP-RIGHT, peligro
-24, 0, 0, 0, -24, 0, 0, 0, 80, 0, 9, 52, 0, 1, 0, 0, 172, 777, AVANZA, peligro
0, 0, 0, 0, -60, 80, -60, 0, -60, 0, 7, 52, 0, 0, 1, 0, 172, 777, AVANZA, peligro
0, 0, 0, 0, -60, 80, -60, 0, -60, 0, 7, 52, 0, 0, 1, 0, 172, 777, AVANZA, peligro
0, 0, 0, 0, -60, 80, -60, 0, -60, 0, 7, 52, 0, 0, 1, 0, 172, 777, AVANZA, peligro
0, 0, 0, 0, -60, 0, -60, 0, -60, 0, 5, 52, 0, 0, 0, 0, 172, 777, AVANZA, no_danger
0, 0, 0, -60, -60, -60, -60, -60, -60, 0, 5, 52, 0, 0, 0, 0, 172, 787, AVANZA, no_danger
0, 0, 0, 0, -60, 0, -60, 0, -60, 0, 5, 52, 0, 0, 0, 0, 172, 787, AVANZA, no_danger
0, 0, 0, 0, 0, 0, 0, 0, 0, 0, 5, 52, 1, 0, 0, 0, 172, 787, AVANZA, peligro
0, 0, 0, 0, 0, 0, 0, 0, 0, 0, 5, 52, 1, 0, 0, 0, 172, 787, AVANZA, peligro
0, 0, 0, 0, 0, 0, 0, 0, 0, 0, 5, 52, 1, 0, 0, 0, 172, 787, AVANZA, peligro
0, 0, 0, 0, 0, 0, 0, 0, -85, 0, 5, 52, 0, 0, 0, 0, 172, 787, AVANZA, no_danger
0, 0, 0, 0, 0, 0, 0, 0, -85, 0, 5, 52, 0, 0, 0, 0, 172, 787, AVANZA, no_danger
0, 0, 0, 0, -60, 0, -60, -85, -60, 0, 5, 52, 0, 0, 0, 0, 172, 787, AVANZA, no_danger
0, 0, 0, 0, -60, -85, -60, -85, -60, 0, 7, 52, 0, 0, 0, 0, 172, 787, AVANZA, no_danger
0, 0, -85, -60, -60, -60, -60, -60, -60, 0, 7, 52, 0, 1, 0, 0, 171, 787, AVANZA, peligro
0, 0, -85, -60, -60, -60, -60, -60, -60, 0, 7, 52, 0, 1, 0, 0, 171, 787, AVANZA, peligro
0, -85, -85, -60, -60, -60, -60, -60, -60, 0, 9, 52, 0, 1, 0, 0, 171, 787, AVANZA, peligro
0, -85, -85, -60, -60, -60, -60, -60, -60, 0, 9, 52, 0, 1, 0, 0, 171, 787, AVANZA, peligro
0, -85, -85, -60, -60, -60, -60, -60, -60, 0, 9, 52, 0, 1, 0, 0, 171, 787, AVANZA, peligro
0, -85, -85, -60, -60, -60, -60, -60, -60, 0, 9, 52, 0, 1, 0, 0, 171, 787, AVANZA, peligro
0, -85, -85, -60, -60, -60, -60, -60, -60, 0, 9, 52, 0, 1, 0, 0, 171, 787, AVANZA, peligro
0, -85, -85, -60, -60, -60, -60, -60, -60, 0, 9, 52, 0, 1, 0, 0, 171, 787, AVANZA, peligro
0, -85, -85, -60, -60, -60, -60, -60, -60, 0, 9, 52, 0, 1, 0, 0, 171, 787, AVANZA, peligro
0, -85, -85, -60, -60, -60, -60, -60, -60, 0, 9, 52, 0, 1, 0, 0, 171, 787, AVANZA, peligro
0, -85, -85, -60, -60, -60, -60, -60, -60, 0, 9, 52, 0, 1, 0, 0, 171, 787, RETROCEDE, peligro
0, -85, -85, -60, -60, -60, -60, -60, -60, 0, 9, 52, 0, 1, 0, 0, 171, 787, RETROCEDE, peligro
0, -85, -85, -60, -60, -60, -60, -60, -60, 0, 9, 52, 0, 1, 0, 0, 171, 787, RETROCEDE, peligro
0, -85, -85, -60, -60, -60, -60, -60, -60, 0, 9, 52, 0, 1, 0, 0, 171, 787, RETROCEDE, peligro
0, -85, -85, -60, -60, -60, -60, -60, -60, 0, 9, 52, 0, 1, 0, 0, 171, 787, RETROCEDE, peligro
0, -85, -85, -60, -60, -60, -60, -60, -60, 0, 9, 52, 0, 1, 0, 0, 170, 787, RETROCEDE, peligro
0, -85, -85, -60, -60, -60, -60, -60, -60, 0, 9, 52, 0, 1, 0, 0, 170, 787, RETROCEDE, peligro
0, 0, -85, -60, -60, -60, -60, -60, -60, 0, 7, 52, 0, 1, 0, 0, 170, 787, RETROCEDE, peligro
0, 0, -85, -60, -60, -60, -60, -60, -60, 0, 7, 52, 0, 1, 0, 0, 170, 787, RETROCEDE, peligro
0, 0, -85, -60, -60, -60, -60, -60, -60, 0, 7, 52, 0, 1, 0, 0, 170, 787, PARADO, peligro
0, 0, -85, -60, -60, -60, -60, -60, -60, 0, 7, 52, 0, 1, 0, 0, 170, 787, PARADO, peligro
0, 0, -85, -60, -60, -60, -60, -60, -60, 0, 7, 52, 0, 1, 0, 0, 170, 787, PARADO, peligro
0, 0, 0, -60, -60, -60, -60, -60, -60, 0, 5, 52, 0, 0, 0, 0, 170, 787, PARADO, no_danger
0, 0, 0, -60, -60, -60, -60, -60, -60, 0, 5, 52, 0, 0, 0, 0, 170, 787, PARADO, no_danger
0, 0, 0, -60, -60, -60, -60, -60, -60, 0, 5, 52, 0, 0, 0, 0, 170, 787, PARADO, no_danger
0, 0, 0, -60, -60, -60, -60, -60, -60, 0, 5, 52, 0, 0, 0, 0, 170, 787, PARADO, moneda
0, 0, 0, -60, -60, -60, -60, -60, -60, 0, 5, 52, 0, 0, 0, 0, 170, 787, PARADO, moneda
0, 0, 0, -60, -60, -60, -60, -60, -60, 0, 5, 52, 0, 0, 0, 0, 170, 787, PARADO, no_danger
0, 0, 0, -60, -60, -60, -60, -60, -60, 1, 4, 52, 0, 0, 0, 0, 170, 845, PARADO, no_danger
0, 0, 0, -60, -60, -60, -60, -60, -60, 1, 4, 52, 0, 0, 0, 0, 170, 845, PARADO, no_danger
0, 0, 0, -60, -60, -60, -60, -60, -60, 1, 4, 52, 0, 0, 0, 0, 169, 845, PARADO, no_danger
0, 0, 0, -60, -60, -60, -60, -60, -60, 1, 4, 52, 0, 0, 0, 0, 169, 845, AVANZA, no_danger
0, 0, 0, -60, -60, -60, -60, -60, -60, 1, 4, 52, 0, 0, 0, 0, 169, 845, AVANZA, no_danger
0, 0, 0, -60, -60, -60, -60, -60, -60, 1, 4, 52, 0, 0, 0, 0, 169, 845, AVANZA, no_danger
0, 0, 0, -60, -60, -60, -60, -60, -60, 1, 4, 52, 0, 0, 0, 0, 169, 845, AVANZA, no_danger
0, 0, 0, -60, -60, -60, -60, -60, -60, 1, 4, 52, 0, 0, 0, 0, 169, 845, AVANZA, no_danger
0, 0, 0, -60, -60, -60, -60, -60, -60, 1, 4, 52, 0, 0, 0, 0, 169, 845, AVANZA, no_danger
0, 0, 0, -60, -60, -60, -60, -60, -60, 1, 4, 52, 0, 0, 0, 0, 169, 845, AVANZA, no_danger
0, 0, 0, -60, -60, -60, -60, -60, -60, 1, 4, 52, 0, 0, 0, 0, 169, 845, AVANZA, no_danger
0, 0, -85, -60, -60, -60, -60, -60, -60, 1, 6, 52, 0, 1, 0, 0, 169, 845, AVANZA, peligro
0, 0, -85, -60, -60, -60, -60, -60, -60, 1, 6, 52, 0, 1, 0, 0, 169, 845, AVANZA, peligro
0, 0, -85, -60, -60, -60, -60, -60, -60, 1, 6, 52, 0, 1, 0, 0, 169, 845, AVANZA, peligro
0, -85, -85, -60, -60, -60, -60, -60, -60, 1, 8, 52, 0, 1, 0, 0, 169, 845, AVANZA, peligro
0, -85, -85, -60, -60, -60, -60, -60, -60, 1, 8, 52, 0, 1, 0, 0, 169, 845, AVANZA, peligro
0, -85, -85, -60, -60, -60, -60, -60, -60, 1, 8, 52, 0, 1, 0, 0, 169, 845, AVANZA, peligro
0, -85, -85, -60, -60, -60, -60, -60, -60, 1, 8, 52, 0, 1, 0, 0, 168, 845, AVANZA, peligro
0, -85, -85, -60, -60, -60, -60, -60, -60, 1, 8, 52, 0, 1, 0, 0, 168, 845, AVANZA, peligro
0, -85, -85, -60, -60, -60, -60, -60, -60, 1, 8, 52, 0, 1, 0, 0, 168, 845, AVANZA, peligro
0, -85, -85, -60, -60, -60, -60, -60, -60, 1, 8, 52, 0, 1, 0, 0, 168, 845, JUMP-RIGHT, peligro
0, -85, -85, -60, -60, -60, -60, -60, -60, 1, 8, 52, 0, 1, 0, 0, 168, 845, JUMP-RIGHT, peligro
0, 0, 0, -85, -60, -85, -60, 0, -60, 1, 8, 52, 0, 0, 0, 0, 168, 845, AVANZA, no_danger
0, 0, 0, 0, -85, 0, -85, 0, 0, 1, 8, 52, 0, 0, 0, 0, 168, 845, AVANZA, no_danger
0, 0, 0, 0, -85, 0, -85, 0, 80, 1, 8, 52, 0, 0, 0, 0, 168, 845, AVANZA, no_danger
0, 0, 0, 0, -85, 0, -85, 0, 80, 1, 8, 52, 0, 0, 0, 0, 168, 845, AVANZA, no_danger
0, 0, 0, 0, -85, 0, 80, 0, 0, 1, 8, 52, 0, 0, 0, 0, 168, 845, AVANZA, no_danger
0, 0, 0, 0, -85, 0, 80, 0, 0, 1, 8, 52, 0, 0, 0, 0, 168, 845, AVANZA, no_danger
0, 0, 0, -85, -60, 80, -60, 0, -60, 1, 8, 52, 0, 0, 1, 0, 168, 845, AVANZA, peligro
0, 0, 0, -85, -60, 80, -60, 0, -60, 1, 8, 52, 0, 0, 1, 0, 168, 845, AVANZA, peligro
0, 0, 0, -85, -60, 80, -60, 0, -60, 1, 8, 52, 0, 0, 1, 0, 168, 845, AVANZA, peligro
0, 0, 0, 80, -60, 0, -60, -60, -60, 1, 7, 52, 0, 0, 1, 0, 168, 845, AVANZA, peligro
0, 0, 0, 80, -60, 0, -60, -60, -60, 1, 7, 52, 0, 0, 1, 0, 167, 845, JUMP-RIGHT, peligro
0, 0, 0, 80, -60, 0, -60, -60, -60, 1, 7, 52, 0, 0, 1, 0, 167, 845, JUMP-RIGHT, peligro
0, 0, 0, 0, 0, 0, -60, 0, -60, 1, 6, 52, 0, 0, 0, 0, 167, 845, JUMP-RIGHT, no_danger
0, 0, 0, 0, 0, 0, 0, 0, 0, 1, 6, 52, 1, 0, 0, 0, 167, 845, JUMP-RIGHT, peligro
0, 0, 0, 0, 0, 0, 0, 0, 0, 1, 5, 52, 1, 0, 0, 0, 167, 845, JUMP-RIGHT, peligro
0, 0, 0, 0, 0, 0, 0, 0, 0, 1, 5, 52, 1, 0, 0, 0, 167, 845, JUMP-RIGHT, peligro
0, 0, 0, 0, 0, 0, 0, 2, 2, 1, 4, 52, 0, 0, 0, 0, 167, 845, JUMP-RIGHT, no_danger
0, 0, 0, 0, 0, 0, 0, 0, 2, 1, 4, 52, 0, 0, 0, 0, 167, 845, AVANZA, no_danger
0, 0, 0, 0, 0, 0, 2, 0, 2, 1, 4, 52, 0, 0, 0, 0, 167, 845, AVANZA, no_danger
0, 0, 0, 0, 0, 2, 2, 2, 2, 1, 4, 52, 0, 0, 0, 0, 167, 845, AVANZA, no_danger
0, 0, 0, 0, 0, 2, 2, 2, 2, 1, 4, 52, 0, 0, 0, 0, 167, 845, AVANZA, no_danger
0, 0, 0, 2, 2, 2, 2, 0, 0, 1, 4, 52, 0, 0, 0, 0, 167, 845, AVANZA, no_danger
0, 0, 2, 2, -24, 2, -24, 0, -24, 1, 3, 53, 0, 0, 0, 0, 167, 861, AVANZA, no_danger
2, 2, 0, -24, -60, -24, -60, 0, -60, 1, 4, 54, 0, 0, 0, 1, 167, 877, AVANZA, moneda
2, 2, 0, -24, -60, -24, -60, 0, -60, 1, 4, 54, 0, 0, 0, 2, 167, 877, AVANZA, moneda
0, 0, 0, -24, -60, 0, -60, 0, -60, 1, 4, 56, 0, 0, 0, 2, 166, 909, AVANZA, no_danger
0, 0, 0, -24, -60, 0, -60, 0, -60, 1, 4, 56, 0, 0, 0, 4, 166, 909, AVANZA, no_danger
0, 0, 0, -24, -60, 0, -60, 0, -60, 1, 4, 56, 0, 0, 0, 4, 166, 909, AVANZA, no_danger
0, 0, 0, 0, -60, 0, -60, 0, 0, 1, 6, 56, 0, 0, 0, 4, 166, 909, AVANZA, no_danger
0, 0, 0, 0, -60, 0, -60, 0, 0, 1, 6, 56, 0, 0, 0, 4, 166, 909, AVANZA, no_danger
0, 0, 0, 0, -60, 0, -60, 0, 0, 1, 6, 56, 0, 0, 0, 4, 166, 909, AVANZA, no_danger
0, 0, 0, -60, -60, 0, 0, 0, 0, 1, 8, 56, 0, 0, 0, 4, 166, 909, AVANZA, no_danger
0, 0, 0, -60, -60, 0, 0, 0, 0, 1, 8, 56, 0, 0, 0, 4, 166, 909, AVANZA, no_danger
0, 0, 0, 0, 0, 0, 0, 0, 0, 1, 8, 56, 1, 0, 0, 4, 166, 909, AVANZA, peligro
0, 0, 0, 0, 0, 0, 0, 0, 0, 1, 8, 56, 1, 0, 0, 4, 166, 909, AVANZA, peligro
0, 0, 0, 0, 0, 0, 0, 0, 0, 1, 8, 56, 1, 0, 0, 4, 166, 909, JUMP-RIGHT, peligro
0, 0, 0, 0, 0, 0, 0, -24, -60, 1, 8, 56, 0, 0, 0, 4, 166, 909, JUMP-RIGHT, no_danger
0, 0, 0, 0, 0, 0, 0, 0, -24, 1, 8, 56, 0, 0, 0, 4, 166, 909, JUMP-RIGHT, no_danger
0, 0, 0, 0, 0, 0, 0, 0, 0, 1, 8, 56, 1, 0, 0, 4, 166, 909, JUMP-RIGHT, peligro
0, 0, 0, 0, 0, 0, 0, 0, 2, 1, 8, 56, 0, 0, 0, 4, 166, 909, JUMP-RIGHT, no_danger
0, 0, 0, 0, 0, 0, 0, 0, 2, 1, 8, 56, 0, 0, 0, 4, 165, 909, AVANZA, no_danger
0, 0, 0, 0, 0, 0, 0, 0, 2, 1, 8, 56, 0, 0, 0, 4, 165, 909, AVANZA, no_danger
0, 0, 0, 0, 0, 0, 2, 0, 2, 1, 8, 56, 0, 0, 0, 4, 165, 909, PARADO, no_danger
0, 0, 0, 0, 0, 0, 2, 0, 2, 1, 8, 56, 0, 0, 0, 4, 165, 909, PARADO, no_danger
0, 0, 0, 0, 0, 0, 2, 0, 2, 1, 8, 56, 0, 0, 0, 4, 165, 909, RETROCEDE, no_danger
0, 0, 0, 2, 2, 2, 2, 2, 2, 1, 7, 56, 0, 0, 0, 4, 165, 909, RETROCEDE, no_danger
0, 0, 0, 2, 2, 2, 2, 2, 2, 1, 7, 56, 0, 0, 0, 4, 165, 909, RETROCEDE, no_danger
0, 2, 2, 2, -24, 2, -24, 2, -24, 1, 7, 56, 0, 0, 0, 3, 165, 909, PARADO, moneda
2, 2, 2, -24, -60, -24, -60, -24, -60, 1, 7, 56, 0, 0, 0, 2, 165, 909, PARADO, moneda
2, 2, 2, -24, -60, -24, -60, -24, -60, 1, 7, 56, 0, 0, 0, 2, 165, 909, PARADO, moneda
2, 2, 2, -24, -60, -24, -60, -24, -60, 1, 7, 56, 0, 0, 0, 0, 165, 909, PARADO, moneda
2, 2, 2, -24, -60, -24, -60, -24, -60, 1, 7, 56, 0, 0, 0, 0, 165, 909, PARADO, moneda
2, 2, 2, -24, -60, -24, -60, -24, -60, 1, 7, 56, 0, 0, 0, 0, 165, 909, AVANZA, moneda
2, 2, 2, -24, -60, -24, -60, -24, -60, 1, 7, 56, 0, 0, 0, 0, 165, 909, JUMP-RIGHT, moneda
0, 0, 2, -24, -60, -24, -60, -24, -60, 1, 5, 58, 0, 0, 0, 0, 165, 941, JUMP-RIGHT, no_danger
0, 0, 2, 0, -24, 2, -24, 80, -24, 1, 5, 58, 0, 0, 0, 2, 164, 941, JUMP-RIGHT, no_danger
0, 0, 0, 2, 2, 2, 80, 2, 2, 1, 5, 58, 0, 0, 0, 2, 164, 941, JUMP-RIGHT, no_danger
0, 0, 0, 0, 2, 0, 2, 0, 2, 1, 5, 58, 0, 0, 0, 2, 164, 941, JUMP-RIGHT, no_danger
0, 0, 0, 0, 2, 0, 2, 0, 2, 1, 5, 58, 0, 0, 0, 2, 164, 941, JUMP-RIGHT, no_danger
0, 0, 0, 0, 2, 0, 2, 0, 2, 1, 5, 58, 0, 0, 0, 2, 164, 941, JUMP-RIGHT, no_danger
0, 0, 0, 0, 0, 0, 0, 0, 0, 1, 5, 58, 1, 0, 0, 2, 164, 941, JUMP-RIGHT, peligro
0, 0, 0, 0, 0, 0, 0, 0, 0, 1, 5, 58, 1, 0, 0, 2, 164, 941, JUMP-RIGHT, peligro
0, 0, 0, 0, 0, 0, 0, 0, 0, 1, 5, 58, 1, 0, 0, 2, 164, 941, AVANZA, peligro
0, 0, 0, 0, 2, 0, 2, 0, 0, 1, 5, 58, 0, 0, 0, 2, 164, 941, AVANZA, no_danger
0, 0, 0, 0, 2, 0, 2, 0, 0, 1, 5, 58, 0, 0, 0, 2, 164, 941, AVANZA, no_danger
0, 0, 0, 2, 2, 0, 0, 0, 0, 1, 6, 58, 0, 0, 0, 2, 164, 941, AVANZA, no_danger
0, 0, 0, 2, 2, 0, 0, 0, 0, 1, 6, 58, 0, 0, 0, 2, 164, 941, AVANZA, no_danger
0, 0, 0, 2, -24, 0, -24, 0, -60, 1, 4, 60, 0, 0, 0, 2, 164, 973, AVANZA, no_danger
0, 0, 0, -24, -60, -60, -60, -60, -60, 1, 5, 62, 0, 0, 0, 4, 164, 1005, AVANZA, no_danger
0, 0, 0, -24, -60, -60, -60, -60, -60, 1, 5, 62, 0, 0, 0, 6, 164, 1005, AVANZA, no_danger
0, 0, 0, -24, -60, -60, -60, -60, -60, 1, 5, 62, 0, 0, 0, 6, 163, 1005, AVANZA, no_danger
0, 0, 0, -60, -60, -60, -60, -60, -60, 1, 8, 62, 0, 0, 0, 6, 163, 1005, AVANZA, no_danger
0, 0, 0, -60, -60, -60, -60, -60, -60, 1, 8, 62, 0, 0, 0, 6, 163, 1005, AVANZA, no_danger
0, 0, 0, -60, -60, -60, -60, -60, -60, 1, 9, 62, 0, 0, 0, 6, 163, 1005, AVANZA, no_danger
0, 0, 0, -60, -60, -60, -60, -60, -60, 1, 9, 62, 0, 0, 0, 6, 163, 1005, AVANZA, no_danger
0, 0, 0, -60, -60, -60, -60, -60, -60, 1, 12, 62, 0, 0, 0, 6, 163, 1005, AVANZA, no_danger
0, 0, 0, -60, -60, -60, -60, -60, -60, 1, 12, 62, 0, 0, 0, 6, 163, 1005, AVANZA, no_danger
0, 0, 0, -60, -60, -60, -60, -60, -60, 1, 12, 62, 0, 0, 0, 6, 163, 1005, AVANZA, no_danger
0, 0, 0, -60, -60, -60, -60, -60, -60, 1, 15, 62, 0, 0, 0, 6, 163, 1005, AVANZA, no_danger
0, 0, 0, -60, -60, -60, -60, -60, -60, 1, 15, 62, 0, 0, 0, 4, 163, 1005, AVANZA, no_danger
0, 0, 0, -60, -60, -60, -60, -60, -60, 1, 15, 62, 0, 0, 0, 4, 163, 1005, AVANZA, no_danger
0, 0, 0, -60, -60, -60, -60, 0, 80, 1, 16, 62, 0, 0, 0, 4, 163, 1005, AVANZA, no_danger
0, 0, 0, -60, -60, -60, -60, 0, 80, 1, 16, 62, 0, 0, 0, 4, 163, 1005, AVANZA, no_danger
0, 0, 0, -60, -60, -60, -60, 0, 80, 1, 16, 62, 0, 0, 0, 4, 163, 1005, AVANZA, no_danger
0, 0, 0, -60, -60, 0, 80, 0, -24, 1, 16, 62, 0, 0, 0, 4, 163, 1005, AVANZA, no_danger
0, 0, 0, -60, -60, 0, 80, 0, -24, 1, 16, 62, 0, 0, 0, 4, 162, 1005, AVANZA, no_danger
0, 0, 0, -60, -60, 0, 80, 0, -24, 1, 16, 62, 0, 0, 0, 4, 162, 1005, AVANZA, no_danger
0, 0, 0, 0, 80, 0, -24, 2, -24, 1, 16, 62, 0, 0, 0, 4, 162, 1005, AVANZA, no_danger
0, 0, 0, 0, 80, 0, -24, 2, -24, 1, 16, 62, 0, 0, 0, 4, 162, 1005, AVANZA, no_danger
0, 0, 0, 0, 80, 0, -24, 2, -24, 1, 16, 62, 0, 0, 0, 4, 162, 1005, AVANZA, no_danger
0, 0, 2, 0, -24, 2, -24, 2, -24, 1, 16, 62, 0, 0, 0, 4, 162, 1005, AVANZA, no_danger
0, 0, 2, -24, -60, -24, -60, -24, -60, 1, 16, 62, 0, 0, 0, 4, 162, 1005, AVANZA, no_danger
0, 0, 2, -24, -60, -24, -60, -24, -60, 1, 16, 62, 0, 0, 0, 2, 162, 1005, AVANZA, no_danger
2, 2, 2, -24, -60, -24, -60, -24, -60, 1, 16, 62, 0, 0, 0, 0, 162, 1005, AVANZA, moneda
2, 2, 2, -24, -60, -24, -60, -24, -60, 1, 16, 62, 0, 0, 0, 0, 162, 1005, AVANZA, moneda
0, 0, 2, -24, -60, -24, -60, -24, -60, 1, 14, 64, 0, 0, 0, 0, 162, 1037, AVANZA, no_danger
2, 2, 2, -24, -60, -24, -60, -24, -60, 1, 16, 64, 0, 0, 0, 2, 162, 1037, AVANZA, moneda
2, 2, 2, -24, -60, -24, -60, -24, -60, 1, 16, 64, 0, 0, 0, 2, 162, 1037, AVANZA, moneda
0, 0, 2, -24, -60, -24, -60, -24, -60, 1, 14, 66, 0, 0, 0, 2, 162, 1069, AVANZA, no_danger
2, 2, 2, -24, -60, -24, -60, 80, -60, 1, 16, 66, 0, 0, 0, 4, 162, 1069, AVANZA, moneda
2, 2, 2, -24, -60, -24, -60, 80, -60, 1, 16, 66, 0, 0, 0, 4, 161, 1069, AVANZA, moneda
2, 2, 0, -24, -60, 80, -60, 0, -60, 1, 14, 68, 0, 0, 1, 4, 161, 1101, AVANZA, peligro
2, 2, 0, -24, -60, 80, -60, 0, -60, 1, 14, 68, 0, 0, 1, 6, 161, 1101, AVANZA, peligro
2, 2, 0, -24, -60, 80, -60, 0, -60, 1, 14, 68, 0, 0, 1, 6, 161, 1101, AVANZA, peligro
0, 0, 0, 80, -60, 0, -60, -60, -60, 1, 12, 70, 0, 0, 1, 6, 161, 1133, AVANZA, peligro
0, 0, 0, 80, -60, 0, -60, -60, -60, 1, 12, 70, 0, 0, 1, 8, 161, 1133, AVANZA, peligro
0, 0, 0, 80, -60, 0, -60, -60, -60, 1, 12, 70, 0, 0, 1, 8, 161, 1133, AVANZA, peligro
0, 0, -60, 0, -60, -60, -60, -60, -60, 1, 12, 70, 0, 1, 0, 8, 161, 1133, JUMP-RIGHT, peligro
0, 0, -60, 0, -60, -60, -60, -60, -60, 1, 12, 70, 0, 1, 0, 8, 161, 1133, JUMP-RIGHT, peligro
0, 0, 0, 0, 80, -60, -60, -60, -60, 1, 12, 70, 0, 0, 0, 8, 161, 1133, JUMP-RIGHT, no_danger
0, 0, 0, 0, -60, 0, -60, 0, -60, 1, 16, 70, 0, 0, 0, 8, 161, 1133, JUMP-RIGHT, no_danger
0, 0, 0, 0, 0, 0, 0, 2, 0, 1, 16, 70, 0, 0, 0, 8, 161, 1133, JUMP-RIGHT, no_danger
0, 0, 0, 0, 0, 0, 0, 2, 0, 1, 16, 70, 0, 0, 0, 8, 161, 1133, JUMP-RIGHT, no_danger
0, 0, 2, 0, 0, 2, 0, 2, 0, 1, 18, 70, 0, 0, 0, 8, 161, 1133, AVANZA, no_danger
0, 0, 2, 0, 0, 2, 0, 2, 0, 1, 18, 70, 0, 0, 0, 8, 161, 1133, AVANZA, no_danger
0, 0, 2, 0, 0, 2, 0, 2, 0, 1, 18, 70, 0, 0, 0, 8, 160, 1133, AVANZA, no_danger
0, 2, 2, 2, 0, 2, 0, 2, -24, 1, 21, 70, 0, 0, 0, 8, 160, 1133, AVANZA, moneda
0, 2, 2, 2, 0, 2, 0, 2, -24, 1, 21, 70, 0, 0, 0, 8, 160, 1133, AVANZA, moneda
0, 0, 2, 0, -60, 0, -60, -24, -60, 1, 19, 72, 0, 0, 0, 8, 160, 1165, AVANZA, no_danger
2, 2, 2, 0, -60, -24, -60, 0, -60, 1, 22, 72, 0, 0, 0, 10, 160, 1165, AVANZA, moneda
2, 0, -24, -60, -60, -60, -60, -60, -60, 1, 18, 72, 0, 1, 0, 8, 160, 1165, AVANZA, peligro
0, 0, -24, -60, -60, -60, -60, -60, -60, 1, 17, 73, 0, 1, 0, 8, 160, 1181, AVANZA, peligro
2, -24, 0, -60, -60, -60, -60, -60, -60, 1, 18, 73, 0, 1, 0, 9, 160, 1181, AVANZA, peligro
2, -24, 0, -60, -60, -60, -60, -60, -60, 1, 18, 73, 0, 1, 0, 7, 160, 1181, AVANZA, peligro
0, -24, 0, -60, -60, -60, -60, -60, -60, 1, 17, 74, 0, 1, 0, 7, 160, 1197, AVANZA, peligro
0, -24, 0, -60, -60, -60, -60, -60, -60, 1, 17, 74, 0, 1, 0, 8, 160, 1197, JUMP-RIGHT, peligro
0, -24, 0, -60, -60, -60, -60, -60, -60, 1, 16, 75, 0, 1, 0, 6, 160, 1213, JUMP-RIGHT, peligro
2, 0, 0, -24, -60, 0, -60, 0, -60, 1, 20, 75, 0, 0, 0, 7, 160, 1213, JUMP-RIGHT, moneda
0, 0, 0, 0, -24, 0, 0, 0, 0, 1, 19, 76, 0, 0, 0, 7, 160, 1229, AVANZA, no_danger
0, 0, 0, 0, -24, 0, 0, 0, 0, 1, 19, 76, 0, 0, 0, 6, 160, 1229, AVANZA, no_danger
0, 0, 0, 0, 0, 0, 0, 0, 0, 1, 18, 76, 1, 0, 0, 6, 159, 1229, AVANZA, peligro
0, 0, 0, 0, 0, 0, 0, 0, 0, 1, 18, 76, 1, 0, 0, 6, 159, 1229, AVANZA, peligro
0, 0, 0, 0, 0, 0, 0, 0, 0, 1, 18, 76, 1, 0, 0, 6, 159, 1229, AVANZA, peligro
0, 0, 0, 0, 0, 0, 0, 0, 0, 1, 18, 76, 1, 0, 0, 6, 159, 1229, AVANZA, peligro
0, 0, 0, 0, -60, 0, -60, 0, 0, 1, 18, 76, 0, 0, 0, 6, 159, 1229, AVANZA, no_danger
0, 0, 0, 0, -60, 0, -60, 0, 0, 1, 18, 76, 0, 0, 0, 6, 159, 1229, AVANZA, no_danger
0, 0, 0, 0, -60, 0, 0, 0, 0, 1, 17, 76, 0, 0, 0, 6, 159, 1229, AVANZA, no_danger
0, 0, 0, -60, -60, 0, 0, 0, 0, 1, 13, 76, 0, 0, 0, 6, 159, 1229, AVANZA, no_danger
0, 0, 0, -60, -60, 0, 0, 0, 0, 1, 13, 76, 0, 0, 0, 6, 159, 1229, AVANZA, no_danger
0, 0, 0, -60, -60, 0, 0, 0, 0, 1, 13, 76, 0, 0, 0, 6, 159, 1229, AVANZA, no_danger
0, 0, 0, 0, 0, 0, 0, 2, 2, 1, 12, 76, 0, 0, 0, 6, 159, 1229, AVANZA, no_danger
0, 0, 0, 0, 0, 0, 0, 2, 2, 1, 12, 76, 0, 0, 0, 6, 159, 1229, AVANZA, no_danger
0, 0, 0, 0, 0, 0, 0, 2, 2, 1, 12, 76, 0, 0, 0, 6, 159, 1229, JUMP-RIGHT, no_danger
0, 0, 0, 0, 0, 2, 2, 2, 2, 1, 11, 76, 0, 0, 0, 4, 159, 1229, JUMP-RIGHT, no_danger
0, 0, 0, 0, 0, 0, 2, 0, 2, 1, 15, 76, 0, 0, 0, 4, 159, 1229, JUMP-RIGHT, no_danger
0, 0, 0, 0, 0, 0, 0, 0, 0, 1, 15, 76, 1, 0, 0, 4, 158, 1229, JUMP-RIGHT, peligro
0, 0, 0, 0, 0, 0, 0, 0, 0, 1, 14, 76, 1, 0, 0, 3, 158, 1229, JUMP-RIGHT, peligro
0, 0, 0, 0, 0, 0, 0, 0, 0, 1, 14, 76, 1, 0, 0, 3, 158, 1229, JUMP-RIGHT, peligro
0, 0, 0, 0, 0, 0, 0, 0, 0, 1, 14, 76, 1, 0, 0, 3, 158, 1229, JUMP-RIGHT, peligro
0, 0, 0, 0, 0, 0, 0, 0, 0, 1, 14, 76, 1, 0, 0, 2, 158, 1229, JUMP-RIGHT, peligro
-24, 0, 0, 0, 0, 0, 0, 0, 0, 1, 14, 76, 1, 1, 0, 2, 158, 1229, JUMP-RIGHT, peligro
-24, 0, 0, 0, 0, 0, 0, 0, 0, 1, 14, 76, 1, 1, 0, 1, 158, 1229, JUMP-RIGHT, peligro
0, 0, 0, 0, 0, 0, 0, 0, 0, 1, 14, 76, 1, 0, 0, 1, 158, 1229, JUMP-RIGHT, peligro
0, 0, 0, 0, 0, 0, 0, 0, 0, 1, 14, 76, 1, 0, 0, 0, 158, 1229, JUMP-RIGHT, peligro
0, 0, 0, 0, 0, 0, 0, 0, 0, 1, 14, 76, 1, 0, 0, 0, 158, 1229, JUMP-RIGHT, peligro
0, 0, 0, 0, 0, 0, 0, 0, 0, 1, 14, 76, 1, 0, 0, 0, 158, 1229, JUMP-RIGHT, peligro
0, 0, 0, 0, 2, 0, 2, 0, 0, 1, 14, 76, 0, 0, 0, 0, 158, 1229, JUMP-RIGHT, no_danger
0, 0, 0, 2, 2, 2, 2, 0, 0, 1, 10, 76, 0, 0, 0, 0, 158, 1229, JUMP-RIGHT, no_danger
0, 2, 2, 2, -24, 2, -24, 0, -24, 1, 9, 77, 0, 0, 0, 0, 158, 1245, AVANZA, moneda
2, 2, 2, -24, -60, -24, -60, -24, -60, 1, 8, 78, 0, 0, 0, 1, 158, 1261, AVANZA, moneda
2, -24, -24, -60, 0, -60, 0, -60, 0, 1, 6, 78, 0, 1, 0, 2, 157, 1261, AVANZA, peligro
0, -24, -24, -60, 0, -60, 0, -60, 0, 1, 4, 80, 0, 1, 0, 2, 157, 1293, AVANZA, peligro
0, -24, -24, -60, 0, -60, 0, -60, 0, 1, 4, 80, 0, 1, 0, 4, 157, 1293, AVANZA, peligro
0, -24, -24, -60, 0, -60, 0, -60, 0, 1, 4, 80, 0, 1, 0, 4, 157, 1293, AVANZA, peligro
0, -24, -24, -60, 0, -60, 0, -60, 0, 1, 4, 80, 0, 1, 0, 4, 157, 1293, AVANZA, peligro
0, -24, -24, -60, 0, -60, 0, -60, 0, 1, 4, 80, 0, 1, 0, 4, 157, 1293, AVANZA, peligro
0, -24, -24, -60, 0, -60, 0, -60, 0, 1, 4, 80, 0, 1, 0, 4, 157, 1293, AVANZA, peligro
0, -24, -24, -60, 0, -60, 0, -60, 0, 1, 4, 80, 0, 1, 0, 4, 157, 1293, JUMP-RIGHT, peligro
0, -24, -24, -60, 0, -60, 0, -60, 0, 1, 4, 80, 0, 1, 0, 4, 157, 1293, JUMP-RIGHT, peligro
0, 0, 2, -24, -60, -24, -60, -24, -60, 1, 6, 80, 0, 0, 0, 4, 157, 1293, JUMP-RIGHT, no_danger
0, 0, 2, 0, -24, 2, -24, 0, -24, 1, 6, 80, 0, 0, 0, 4, 157, 1293, AVANZA, no_danger
0, 0, 2, 0, -24, 2, -24, 0, -24, 1, 6, 80, 0, 0, 0, 4, 157, 1293, AVANZA, no_danger
0, 0, 0, 0, 0, 2, 2, 0, 0, 1, 6, 80, 0, 0, 0, 4, 157, 1293, AVANZA, no_danger
0, 2, 0, 2, -24, 0, -24, 0, 0, 1, 6, 80, 0, 0, 0, 4, 157, 1293, AVANZA, moneda
0, 2, 0, 2, -24, 0, -24, 0, 0, 1, 6, 80, 0, 0, 0, 4, 157, 1293, AVANZA, moneda
0, 2, 0, 2, -24, 0, -24, 0, 0, 1, 6, 80, 0, 0, 0, 4, 156, 1293, AVANZA, moneda
2, 2, 0, -24, -60, -24, -60, 0, -60, 1, 6, 80, 0, 0, 0, 4, 156, 1293, AVANZA, moneda
2, 2, 0, -24, -60, -24, -60, 0, -60, 1, 6, 80, 0, 0, 0, 4, 156, 1293, AVANZA, moneda
0, 0, 0, -24, -60, -24, -60, 80, -60, 1, 4, 82, 0, 0, 0, 4, 156, 1325, AVANZA, no_danger
0, 0, 0, -24, -60, 80, -60, 0, -60, 1, 4, 82, 0, 0, 1, 6, 156, 1325, AVANZA, peligro
0, 0, 0, -24, -60, 80, -60, 0, -60, 1, 4, 82, 0, 0, 1, 6, 156, 1325, AVANZA, peligro
0, 0, 0, -24, -60, 80, -60, 0, -60, 1, 4, 82, 0, 0, 1, 6, 156, 1325, JUMP-RIGHT, peligro
0, 0, 0, -24, -60, 80, -60, 0, -60, 1, 4, 82, 0, 0, 1, 6, 156, 1325, JUMP-RIGHT, peligro
0, 0, 0, 0, 80, 0, 0, -60, -60, 1, 4, 82, 0, 0, 0, 5, 156, 1325, JUMP-RIGHT, no_danger
0, 0, 0, 0, 0, 0, 0, 0, -60, 1, 4, 82, 0, 0, 0, 4, 156, 1325, JUMP-RIGHT, no_danger
0, 0, 0, 0, 0, 0, 0, 0, 0, 1, 5, 82, 1, 0, 0, 4, 156, 1325, JUMP-RIGHT, peligro
0, 0, 0, 0, 0, 0, 0, 0, 0, 1, 4, 82, 1, 0, 0, 2, 156, 1325, JUMP-RIGHT, peligro
0, 0, 0, 0, 0, 0, 0, 0, 0, 1, 4, 82, 1, 0, 0, 2, 156, 1325, JUMP-RIGHT, peligro
0, 0, 0, 0, 0, 0, 0, 0, 0, 1, 4, 82, 1, 0, 0, 2, 156, 1325, JUMP-RIGHT, peligro
0, 0, 0, 0, 0, 0, 0, 0, 0, 1, 4, 82, 1, 0, 0, 2, 156, 1325, JUMP-RIGHT, peligro
0, 0, 0, 0, 0, 0, 0, 0, 0, 1, 4, 82, 1, 0, 0, 2, 155, 1325, JUMP-RIGHT, peligro
0, 0, 0, 0, 0, 0, 0, 0, 0, 1, 4, 82, 1, 0, 0, 2, 155, 1325, AVANZA, peligro
0, 0, 0, 0, 0, 0, 0, 0, 0, 1, 4, 82, 1, 0, 0, 2, 155, 1325, AVANZA, peligro
0, 0, 0, 0, -60, 0, 0, 0, 0, 1, 4, 82, 0, 0, 0, 2, 155, 1325, AVANZA, no_danger
0, 0, 0, 0, -60, 0, 0, 0, 0, 1, 4, 82, 0, 0, 0, 2, 155, 1325, AVANZA, no_danger
0, 0, 0, -60, -60, 0, -60, 0, -60, 1, 4, 82, 0, 0, 0, 2, 155, 1325, AVANZA, no_danger
0, 0, 0, 0, -60, 0, -60, 0, -60, 1, 4, 82, 0, 0, 0, 2, 155, 1325, AVANZA, no_danger
0, 0, 0, 0, -60, 0, -60, 0, -60, 1, 4, 82, 0, 0, 0, 2, 155, 1325, JUMP-RIGHT, no_danger
0, 0, 0, 0, -60, 0, -60, 0, -60, 1, 4, 82, 0, 0, 0, 2, 155, 1325, JUMP-RIGHT, no_danger
0, 0, 0, 0, 0, 0, 0, 0, 80, 1, 4, 82, 0, 0, 0, 2, 155, 1325, JUMP-RIGHT, no_danger
0, 0, 0, 0, 0, 0, 0, 0, 0, 1, 4, 82, 1, 0, 0, 2, 155, 1325, JUMP-RIGHT, peligro
0, 0, 0, 0, 0, 0, 0, 0, 0, 1, 4, 82, 1, 0, 0, 2, 155, 1325, JUMP-RIGHT, peligro
0, 0, 0, 0, 0, 0, 0, 0, 0, 1, 2, 82, 1, 0, 0, 2, 155, 1325, JUMP-RIGHT, peligro
0, 0, 0, 0, 0, 0, 0, 0, 0, 1, 2, 82, 1, 0, 0, 0, 155, 1325, JUMP-RIGHT, peligro
0, 0, 0, 0, 0, 0, 0, 0, 0, 1, 2, 82, 1, 0, 0, 0, 155, 1325, JUMP-RIGHT, peligro
0, 0, 0, 0, 0, 0, 0, 0, 0, 1, 1, 82, 1, 0, 0, 0, 154, 1325, JUMP-RIGHT, peligro
0, 0, 0, 0, 0, 0, 0, 0, 0, 1, 1, 82, 1, 0, 0, 0, 154, 1325, JUMP-RIGHT, peligro
0, 0, 0, 0, 0, 0, 0, 0, 0, 1, 1, 82, 1, 0, 0, 0, 154, 1325, JUMP-RIGHT, peligro
0, 0, 0, 0, 0, 0, 0, 0, 0, 1, 0, 82, 1, 0, 0, 0, 154, 1325, JUMP-RIGHT, peligro
0, 0, 0, 0, 0, 0, 0, 0, 0, 1, 0, 82, 1, 0, 0, 0, 154, 1325, JUMP-RIGHT, peligro
0, 0, 0, 0, 0, 0, 0, 0, 0, 1, 0, 82, 1, 0, 0, 0, 154, 1325, JUMP-RIGHT, peligro
0, 0, 0, 0, -60, 0, -60, 0, -60, 1, 0, 82, 0, 0, 0, 0, 154, 1325, AVANZA, no_danger
0, 0, 0, -60, -60, -60, -60, -60, -60, 1, 0, 82, 0, 0, 0, 0, 154, 1325, AVANZA, no_danger
0, 0, 0, -60, -60, -60, -60, -60, -60, 1, 0, 82, 0, 0, 0, 0, 154, 1325, AVANZA, no_danger
0, 0, 0, -60, -60, -60, -60, -60, -60, 1, 1, 82, 0, 0, 0, 0, 154, 1325, AVANZA, no_danger
0, 0, 0, -60, -60, -60, -60, -60, -60, 1, 1, 82, 0, 0, 0, 0, 154, 1325, AVANZA, no_danger
0, 0, 0, -60, -60, -60, -60, -60, -60, 1, 1, 82, 0, 0, 0, 0, 154, 1325, AVANZA, no_danger
0, 0, 80, -60, -60, -60, -60, -60, -60, 1, 2, 82, 0, 0, 1, 0, 154, 1325, AVANZA, peligro
0, 0, 80, -60, -60, -60, -60, -60, -60, 1, 2, 82, 0, 0, 1, 0, 154, 1325, JUMP-RIGHT, peligro
0, 80, 0, -60, -60, -60, -60, -60, -60, 1, 2, 82, 0, 0, 1, 0, 154, 1325, JUMP-RIGHT, peligro
0, 0, 0, 0, -60, 0, -60, 0, -60, 1, 3, 82, 0, 0, 0, 0, 153, 1325, JUMP-RIGHT, no_danger
0, 0, 0, 0, 0, 0, 0, 0, 0, 1, 3, 82, 1, 0, 0, 0, 153, 1325, JUMP-RIGHT, peligro
0, 0, 0, 0, 0, 0, 0, 0, 0, 1, 4, 82, 1, 0, 0, 0, 153, 1325, JUMP-RIGHT, peligro
0, 0, 0, 0, 0, 0, 0, 0, 0, 1, 4, 82, 1, 0, 0, 0, 153, 1325, JUMP-RIGHT, peligro
0, 0, 0, 0, 0, 0, 0, 0, 0, 1, 4, 82, 1, 0, 0, 0, 153, 1325, AVANZA, peligro
0, 0, 0, 0, 0, 0, 0, 0, 0, 1, 4, 82, 1, 0, 0, 0, 153, 1325, AVANZA, peligro
0, 0, 0, 0, 0, 0, 0, 0, 0, 1, 4, 82, 1, 0, 0, 0, 153, 1325, AVANZA, peligro
0, 0, 0, 0, 0, 0, 0, 0, 0, 1, 4, 82, 1, 0, 0, 0, 153, 1325, AVANZA, peligro
0, 0, 0, 0, 0, 0, 0, 0, 0, 1, 4, 82, 1, 0, 0, 0, 153, 1325, AVANZA, peligro
0, 0, 0, 0, 0, 0, 0, 0, 0, 1, 4, 82, 1, 0, 0, 0, 153, 1325, AVANZA, peligro
0, 0, 0, 0, 0, 0, 0, 0, 0, 1, 4, 82, 1, 0, 0, 0, 153, 1325, AVANZA, peligro
0, 0, 0, 0, 0, 0, 0, 0, 0, 1, 6, 82, 1, 0, 0, 0, 153, 1325, AVANZA, peligro
0, 0, 0, 0, -60, 0, -60, 0, -60, 1, 6, 82, 0, 0, 0, 0, 153, 1325, AVANZA, no_danger
0, 0, 0, 0, -60, 0, -60, 0, -60, 1, 6, 82, 0, 0, 0, 0, 153, 1325, AVANZA, no_danger
0, 0, 0, 0, -60, 0, -60, 80, -60, 1, 8, 82, 0, 0, 0, 0, 153, 1325, AVANZA, no_danger
0, 0, 0, -60, -60, -60, -60, -60, -60, 1, 8, 82, 0, 0, 0, 0, 152, 1325, AVANZA, no_danger
0, 0, 0, -60, -60, -60, -60, -60, -60, 1, 8, 82, 0, 0, 0, 0, 152, 1325, AVANZA, no_danger
0, 0, 80, -60, -60, -60, -60, -60, -60, 1, 10, 82, 0, 0, 1, 0, 152, 1325, AVANZA, peligro
0, 0, 80, -60, -60, -60, -60, -60, -60, 1, 10, 82, 0, 0, 1, 0, 152, 1325, AVANZA, peligro
0, 0, 80, -60, -60, -60, -60, -60, -60, 1, 10, 82, 0, 0, 1, 0, 152, 1325, AVANZA, peligro
0, 0, 80, -60, -60, -60, -60, -60, -60, 1, 13, 82, 0, 0, 1, 0, 152, 1325, JUMP-RIGHT, peligro
0, 0, 80, -60, -60, -60, -60, -60, -60, 1, 13, 82, 0, 0, 1, 0, 152, 1325, JUMP-RIGHT, peligro
0, 0, 0, 0, -60, 80, -60, 80, -60, 1, 13, 82, 0, 0, 1, 0, 152, 1325, JUMP-RIGHT, peligro
0, 0, 0, 0, 80, 0, 80, 0, 0, 1, 16, 82, 0, 0, 0, 0, 152, 1325, JUMP-RIGHT, no_danger
0, 0, 0, 0, 0, 0, 0, 0, 0, 1, 16, 82, 1, 0, 0, 0, 152, 1325, JUMP-RIGHT, peligro
0, 0, 0, 0, 0, 0, 0, 0, 0, 1, 16, 82, 1, 0, 0, 0, 152, 1325, JUMP-RIGHT, peligro
0, 0, 0, 0, 0, 0, 0, 0, -24, 1, 17, 82, 0, 0, 0, 0, 152, 1325, JUMP-RIGHT, no_danger
0, 0, 0, 0, 0, 0, 0, 0, 0, 1, 17, 82, 1, 0, 0, 0, 152, 1325, JUMP-RIGHT, peligro
0, 0, 0, 0, 0, 0, 0, 0, 0, 1, 17, 82, 1, 0, 0, 0, 152, 1325, JUMP-RIGHT, peligro
0, 0, 0, 0, 0, 0, 0, 2, 2, 1, 17, 82, 0, 0, 0, 0, 152, 1325, JUMP-RIGHT, no_danger
0, 0, 0, 0, 0, 0, -24, 2, 0, 1, 17, 82, 0, 0, 0, 0, 151, 1325, JUMP-RIGHT, no_danger
0, 0, 0, 0, 0, 0, -24, 2, 0, 1, 17, 82, 0, 0, 0, 0, 151, 1325, JUMP-RIGHT, no_danger
0, 0, 2, -24, -60, 0, -60, -24, -60, 1, 17, 82, 0, 0, 0, 0, 151, 1325, JUMP-RIGHT, no_danger
0, 0, 2, -24, -60, 0, -60, -24, -60, 1, 17, 82, 0, 0, 0, 0, 151, 1325, JUMP-RIGHT, no_danger
0, 0, 2, -24, -60, 0, -60, -24, -60, 1, 17, 82, 0, 0, 0, 0, 151, 1325, AVANZA, no_danger
2, 2, 2, 0, -60, -24, -60, 0, -60, 1, 17, 82, 0, 0, 0, 0, 151, 1325, AVANZA, moneda
2, 2, 2, 0, -60, -24, -60, 0, -60, 1, 17, 82, 0, 0, 0, 0, 151, 1325, AVANZA, moneda
0, 0, 2, 0, -60, -24, -60, 0, -60, 1, 15, 84, 0, 0, 0, 0, 151, 1357, AVANZA, no_danger
2, -24, 0, -60, -60, -60, -60, -60, -60, 1, 15, 84, 0, 1, 0, 2, 151, 1357, AVANZA, peligro
2, -24, 0, -60, -60, -60, -60, -60, -60, 1, 15, 84, 0, 1, 0, 2, 151, 1357, AVANZA, peligro
0, -24, 0, -60, -60, -60, -60, -60, -60, 1, 14, 85, 0, 1, 0, 2, 151, 1373, AVANZA, peligro
0, -24, 0, -60, -60, -60, -60, -60, -60, 1, 14, 85, 0, 1, 0, 3, 151, 1373, AVANZA, peligro
0, -24, 0, -60, -60, -60, -60, -60, -60, 1, 14, 85, 0, 1, 0, 3, 151, 1373, AVANZA, peligro
0, -24, 0, -60, -60, -60, -60, -60, -60, 1, 14, 85, 0, 1, 0, 3, 151, 1373, AVANZA, peligro
0, -24, 0, -60, -60, -60, -60, -60, -60, 1, 14, 85, 0, 1, 0, 3, 151, 1373, AVANZA, peligro
0, -24, 0, -60, -60, -60, -60, -60, -60, 1, 14, 85, 0, 1, 0, 3, 150, 1373, AVANZA, peligro
0, -24, 0, -60, -60, -60, -60, -60, -60, 1, 14, 85, 0, 1, 0, 3, 150, 1373, JUMP-RIGHT, peligro
0, -24, 0, -60, -60, -60, -60, -60, -60, 1, 14, 85, 0, 1, 0, 3, 150, 1373, JUMP-RIGHT, peligro
0, 0, 2, -24, -60, 0, -60, -24, -60, 1, 13, 86, 0, 0, 0, 3, 150, 1389, JUMP-RIGHT, no_danger
0, 0, 2, 0, -24, 2, 0, 2, -24, 1, 13, 86, 0, 0, 0, 4, 150, 1389, JUMP-RIGHT, no_danger
0, 0, 0, 0, 0, 2, 2, 2, 2, 1, 13, 86, 0, 0, 0, 4, 150, 1389, AVANZA, no_danger
0, 0, 0, 0, 0, 2, 2, 2, 2, 1, 13, 86, 0, 0, 0, 4, 150, 1389, AVANZA, no_danger
0, 0, 0, 2, 2, 2, 2, 2, 2, 1, 13, 86, 0, 0, 0, 4, 150, 1389, AVANZA, no_danger
0, 0, 0, 2, 2, 2, 2, 2, 2, 1, 13, 86, 0, 0, 0, 4, 150, 1389, AVANZA, no_danger
0, 0, 0, 2, 2, 2, 2, 2, 2, 1, 13, 86, 0, 0, 0, 4, 150, 1389, AVANZA, no_danger
0, 2, 2, 2, 0, 2, -24, 2, -24, 1, 13, 86, 0, 0, 0, 4, 150, 1389, AVANZA, moneda
0, 2, 2, 2, 0, 2, -24, 2, -24, 1, 13, 86, 0, 0, 0, 4, 150, 1389, AVANZA, moneda
0, 0, 2, 0, -60, -24, -60, -24, -60, 1, 11, 88, 0, 0, 0, 4, 150, 1421, AVANZA, no_danger
2, 2, 2, -24, -60, -24, -60, 0, -60, 1, 11, 88, 0, 0, 0, 6, 150, 1421, AVANZA, moneda
2, -24, -24, -60, -60, -60, -60, -60, -60, 1, 11, 88, 0, 1, 0, 6, 150, 1421, AVANZA, peligro
2, -24, -24, -60, -60, -60, -60, -60, -60, 1, 11, 88, 0, 1, 0, 6, 149, 1421, AVANZA, peligro
0, -24, -24, -60, -60, -60, -60, -60, -60, 1, 10, 89, 0, 1, 0, 6, 149, 1437, AVANZA, peligro
0, -24, -24, -60, -60, -60, -60, -60, -60, 1, 10, 89, 0, 1, 0, 5, 149, 1437, JUMP-RIGHT, peligro
0, -24, -24, -60, -60, -60, -60, -60, -60, 1, 10, 89, 0, 1, 0, 5, 149, 1437, JUMP-RIGHT, peligro
2, 0, 2, -24, -60, -24, -60, 0, -60, 1, 10, 89, 0, 0, 0, 5, 149, 1437, JUMP-RIGHT, moneda
0, 0, 2, 0, -24, 2, -24, 0, 0, 1, 9, 90, 0, 0, 0, 4, 149, 1453, JUMP-RIGHT, no_danger
0, 0, 0, 0, 0, 2, 2, 0, 0, 1, 9, 90, 0, 0, 0, 5, 149, 1453, JUMP-RIGHT, no_danger
0, 0, 0, 2, 2, 0, 0, 0, 0, 1, 9, 90, 0, 0, 0, 5, 149, 1453, AVANZA, no_danger
0, 0, 0, 2, 2, 0, 0, 0, 0, 1, 9, 90, 0, 0, 0, 5, 149, 1453, AVANZA, no_danger
0, 0, 0, 2, 2, 0, 0, 0, 0, 1, 9, 90, 0, 0, 0, 5, 149, 1453, AVANZA, no_danger
0, 0, 0, 2, 2, 0, 0, 0, 0, 1, 9, 90, 0, 0, 0, 5, 149, 1453, AVANZA, no_danger
0, 0, 0, 2, 2, 0, 0, 0, 0, 1, 9, 90, 0, 0, 0, 5, 149, 1453, AVANZA, no_danger
0, 0, 0, 2, -24, 0, 0, 0, 0, 1, 8, 91, 0, 0, 0, 5, 149, 1469, AVANZA, no_danger
0, 0, 0, 0, 0, 0, 0, 0, 0, 1, 7, 91, 1, 0, 0, 5, 149, 1469, AVANZA, peligro
0, 0, 0, 0, -60, 0, -60, 0, -60, 1, 6, 92, 0, 0, 0, 5, 149, 1485, AVANZA, no_danger
0, 0, 0, 0, -60, 0, -60, 0, -60, 1, 6, 92, 0, 0, 0, 6, 148, 1485, AVANZA, no_danger
0, 0, 0, 0, -60, 0, -60, 0, -60, 1, 6, 92, 0, 0, 0, 6, 148, 1485, AVANZA, no_danger
0, 0, 0, 0, -60, 0, -60, 80, -60, 1, 5, 92, 0, 0, 0, 6, 148, 1485, AVANZA, no_danger
0, 0, 0, -60, -60, -60, -60, -60, -60, 1, 5, 92, 0, 0, 0, 6, 148, 1485, AVANZA, no_danger
0, 0, 0, -60, -60, -60, -60, -60, -60, 1, 5, 92, 0, 0, 0, 6, 148, 1485, AVANZA, no_danger
0, 0, 80, -60, -60, -60, -60, -60, -60, 1, 4, 92, 0, 0, 1, 6, 148, 1485, AVANZA, peligro
0, 0, 80, -60, -60, -60, -60, -60, -60, 1, 4, 92, 0, 0, 1, 6, 148, 1485, AVANZA, peligro
0, 0, 0, -60, -60, -60, -60, -60, -60, 1, 4, 92, 0, 0, 0, 4, 148, 1485, AVANZA, no_danger
0, 0, 80, -60, -60, -60, -60, -60, -60, 1, 3, 92, 0, 0, 1, 4, 148, 1485, AVANZA, peligro
0, 0, 80, -60, -60, -60, -60, -60, -60, 1, 3, 92, 0, 0, 1, 4, 148, 1485, JUMP-RIGHT, peligro
0, 0, 80, -60, -60, -60, -60, -60, -60, 1, 3, 92, 0, 0, 1, 4, 148, 1485, JUMP-RIGHT, peligro
0, 0, 0, 80, -60, 0, -60, -85, -60, 1, 3, 92, 0, 0, 1, 3, 148, 1485, JUMP-RIGHT, peligro
0, 0, 0, 0, 80, 0, 0, 0, -85, 1, 3, 92, 0, 0, 0, 3, 148, 1485, JUMP-RIGHT, no_danger
0, 0, 0, 0, 0, 0, 0, 0, 0, 1, 3, 92, 1, 0, 0, 3, 148, 1485, JUMP-RIGHT, peligro
0, 0, 0, 0, 0, 0, 0, 0, 0, 1, 3, 92, 1, 0, 0, 3, 148, 1485, JUMP-RIGHT, peligro
0, 0, 0, 0, 0, 0, 0, 0, 0, 1, 3, 92, 1, 0, 0, 2, 147, 1485, JUMP-RIGHT, peligro
0, 0, 0, 0, 0, 0, 0, 0, 0, 1, 3, 92, 1, 0, 0, 2, 147, 1485, JUMP-RIGHT, peligro
0, 0, 0, 0, 0, 0, 0, 0, -85, 1, 3, 92, 0, 0, 0, 2, 147, 1485, JUMP-RIGHT, no_danger
0, 0, 0, 0, 0, 0, 0, 0, -85, 1, 3, 92, 0, 0, 0, 2, 147, 1485, JUMP-RIGHT, no_danger
0, 0, 0, 0, 0, -85, -85, -85, -85, 1, 3, 92, 0, 0, 0, 2, 147, 1485, JUMP-RIGHT, no_danger
0, 0, 0, -85, -85, -85, -85, 0, 0, 1, 2, 92, 0, 0, 0, 2, 147, 1485, JUMP-RIGHT, no_danger
0, 0, 0, -85, -85, -85, -85, 0, 0, 1, 2, 92, 0, 0, 0, 2, 147, 1485, AVANZA, no_danger
0, 0, 0, -85, -85, 0, 0, 0, 0, 1, 1, 92, 0, 0, 0, 1, 147, 1485, AVANZA, no_danger
0, 0, 0, -85, -85, 0, 0, 0, 0, 1, 1, 92, 0, 0, 0, 1, 147, 1485, AVANZA, no_danger
0, 0, 0, 0, 0, 0, 0, 0, 0, 1, 0, 92, 1, 0, 0, 0, 147, 1485, AVANZA, peligro
0, 0, 0, 0, 0, 0, 0, 0, 0, 1, 0, 92, 1, 0, 0, 0, 147, 1485, AVANZA, peligro
0, 0, 0, 0, 0, 0, 0, 0, 0, 1, 0, 92, 1, 0, 0, 0, 147, 1485, AVANZA, peligro
0, 0, 0, 0, 0, 0, 0, 0, 0, 1, 0, 92, 1, 0, 0, 0, 147, 1485, AVANZA, peligro
0, 0, 0, 0, -60, 0, -60, 0, -60, 1, 0, 92, 0, 0, 0, 0, 147, 1485, AVANZA, no_danger
0, 0, 0, 0, -60, 0, -60, 0, -60, 1, 0, 92, 0, 0, 0, 0, 147, 1485, AVANZA, no_danger
0, 0, 0, -60, -60, -60, 80, 0, -60, 1, 0, 92, 0, 0, 0, 0, 146, 1485, AVANZA, no_danger
0, 0, 0, -60, -60, -60, 80, 0, -60, 1, 0, 92, 0, 0, 0, 0, 146, 1485, AVANZA, no_danger
0, 0, 0, -60, -60, -60, 80, 0, -60, 1, 0, 92, 0, 0, 0, 0, 146, 1485, AVANZA, no_danger
0, 0, 0, -60, 80, 0, -60, 0, -60, 1, 0, 92, 0, 0, 0, 0, 146, 1485, JUMP-RIGHT, no_danger
0, 0, 0, -60, 80, 0, -60, 80, -60, 1, 0, 92, 0, 0, 0, 0, 146, 1485, JUMP-RIGHT, no_danger
0, 0, 0, 0, 0, 0, 80, 0, 0, 1, 2, 92, 0, 0, 0, 0, 146, 1485, JUMP-RIGHT, no_danger
0, 0, 0, 0, 0, 0, 0, 0, 0, 1, 2, 92, 1, 0, 0, 0, 146, 1485, JUMP-RIGHT, peligro
0, 0, 0, 0, 0, 0, 0, 0, 0, 1, 2, 92, 1, 0, 0, 0, 146, 1485, JUMP-RIGHT, peligro
0, 0, 0, 0, 0, 0, 0, 0, 0, 1, 4, 92, 1, 0, 0, 0, 146, 1485, JUMP-RIGHT, peligro
0, 0, 0, 0, 0, 0, 0, 0, 0, 1, 4, 92, 1, 0, 0, 0, 146, 1485, JUMP-RIGHT, peligro
0, 0, 0, 0, 0, 0, 0, 0, 0, 1, 4, 92, 1, 0, 0, 0, 146, 1485, JUMP-RIGHT, peligro
0, 0, 0, 0, 0, 0, 0, 0, 0, 1, 8, 92, 1, 0, 0, 0, 146, 1485, JUMP-RIGHT, peligro
0, 0, 0, 0, 0, 0, 0, 0, 0, 1, 8, 92, 1, 0, 0, 0, 146, 1485, JUMP-RIGHT, peligro
0, 0, 0, 0, 0, 0, 0, 0, 0, 1, 8, 92, 1, 0, 0, 0, 146, 1485, AVANZA, peligro
0, 0, 0, 0, 0, 0, 0, 0, 80, 1, 12, 92, 0, 0, 0, 0, 146, 1485, PARADO, no_danger
0, 0, 0, 0, -60, 0, -60, 80, -60, 1, 12, 92, 0, 0, 0, 0, 145, 1485, PARADO, no_danger
0, 0, 0, 0, -60, 0, -60, 80, -60, 1, 12, 92, 0, 0, 0, 0, 145, 1485, PARADO, no_danger
0, 0, 80, -60, -60, -60, -60, -60, -60, 1, 12, 92, 0, 0, 1, 0, 145, 1485, RETROCEDE, peligro
0, 0, 80, -60, -60, -60, -60, -60, -60, 1, 12, 92, 0, 0, 1, 0, 145, 1485, RETROCEDE, peligro
0, 0, 80, -60, -60, -60, -60, -60, -60, 1, 12, 92, 0, 0, 1, 0, 145, 1485, RETROCEDE, peligro
0, 0, 80, -60, -60, -60, -60, -60, -60, 1, 12, 92, 0, 0, 1, 0, 145, 1485, RETROCEDE, peligro
0, 80, 0, -60, -60, -60, -60, -60, -60, 1, 12, 92, 0, 0, 1, 0, 145, 1485, RETROCEDE, peligro
0, 80, 0, -60, -60, -60, -60, -60, -60, 1, 12, 92, 0, 0, 1, 0, 145, 1485, SALTA, peligro
0, 80, 0, -60, -60, -60, -60, -60, -60, 1, 12, 92, 0, 0, 1, 0, 145, 1485, JUMP-RIGHT, peligro
0, 0, 0, 80, -60, 0, -60, 0, -60, 1, 15, 92, 0, 0, 1, 0, 145, 1485, JUMP-RIGHT, peligro
0, 0, 0, 0, 80, 0, 0, 0, 0, 1, 15, 92, 0, 0, 0, 0, 145, 1485, JUMP-RIGHT, no_danger
0, 0, 0, 0, 0, 0, 0, 0, 0, 1, 15, 92, 1, 0, 0, 0, 145, 1485, JUMP-RIGHT, peligro
0, 0, 0, 0, 0, 0, 0, 0, 0, 1, 15, 92, 1, 0, 0, 0, 145, 1485, JUMP-RIGHT, peligro
0, 0, 0, 0, 0, 0, 0, 0, 0, 1, 15, 92, 1, 0, 0, 0, 145, 1485, AVANZA, peligro
0, 0, 0, 0, 0, 0, 0, 0, 0, 1, 15, 92, 1, 0, 0, 0, 145, 1485, AVANZA, peligro
0, 0, 0, 0, 0, 0, 0, 0, 0, 1, 17, 92, 1, 0, 0, 0, 144, 1485, AVANZA, peligro
0, 0, 0, 0, 0, 0, 0, 0, 0, 1, 17, 92, 1, 0, 0, 0, 144, 1485, AVANZA, peligro
0, 0, 0, 0, 0, 0, 0, 0, 0, 1, 17, 92, 1, 0, 0, 0, 144, 1485, AVANZA, peligro
0, 0, 0, 0, 0, 0, 0, 0, 0, 1, 17, 92, 1, 0, 0, 0, 144, 1485, AVANZA, peligro
0, 0, 0, 0, 0, 0, 0, 2, 2, 1, 17, 92, 0, 0, 0, 0, 144, 1485, AVANZA, no_danger
0, 0, 0, 0, -60, 0, -24, 2, -24, 1, 17, 92, 0, 0, 0, 0, 144, 1485, AVANZA, no_danger
0, 0, 0, -60, -60, -24, -60, -24, -60, 1, 14, 92, 0, 0, 0, 0, 144, 1485, AVANZA, no_danger
0, 0, 0, -60, -60, -24, -60, -24, -60, 1, 14, 92, 0, 0, 0, 0, 144, 1485, AVANZA, no_danger
0, 0, 2, -24, -60, -24, -60, -24, -60, 1, 14, 92, 0, 0, 0, 0, 144, 1485, AVANZA, no_danger
0, 0, 2, -24, -60, -24, -60, -24, -60, 1, 14, 92, 0, 0, 0, 0, 144, 1485, AVANZA, no_danger
0, 0, 2, -24, -60, -24, -60, -24, -60, 1, 14, 92, 0, 0, 0, 0, 144, 1485, AVANZA, no_danger
0, 0, 2, -24, -60, -24, -60, -24, -60, 1, 14, 92, 0, 0, 0, 0, 144, 1485, AVANZA, no_danger
2, 2, 2, -24, -60, -24, -60, -24, -60, 1, 14, 92, 0, 0, 0, 0, 144, 1485, AVANZA, moneda
2, 2, 2, -24, -60, -24, -60, -24, -60, 1, 14, 92, 0, 0, 0, 0, 144, 1485, AVANZA, moneda
0, 0, 2, -24, -60, -24, -60, -24, -60, 1, 12, 94, 0, 0, 0, 0, 144, 1517, AVANZA, no_danger
2, 2, 2, -24, -60, -24, -60, -24, -60, 1, 12, 94, 0, 0, 0, 2, 143, 1517, AVANZA, moneda
2, 2, 2, -24, -60, -24, -60, -24, -60, 1, 12, 94, 0, 0, 0, 2, 143, 1517, AVANZA, moneda
0, 0, 2, -24, -60, -24, -60, -24, -60, 1, 10, 96, 0, 0, 0, 2, 143, 1549, AVANZA, no_danger
2, 2, 2, -24, -60, -24, -60, -24, -60, 1, 10, 96, 0, 0, 0, 4, 143, 1549, AVANZA, moneda
2, 2, 2, -24, -60, -24, -60, -24, -60, 1, 10, 96, 0, 0, 0, 4, 143, 1549, AVANZA, moneda
2, 2, 2, -24, -60, -24, -60, -24, -60, 1, 10, 96, 0, 0, 0, 4, 143, 1549, AVANZA, moneda
2, 2, 2, -24, -60, -24, -60, -24, -60, 1, 8, 98, 0, 0, 0, 4, 143, 1581, AVANZA, moneda
2, 2, 2, -24, -60, -24, -60, -24, -60, 1, 8, 98, 0, 0, 0, 6, 143, 1581, AVANZA, moneda
2, 2, 2, -24, -60, -24, -60, -24, -60, 1, 8, 98, 0, 0, 0, 6, 143, 1581, AVANZA, moneda
2, 2, 2, -24, -60, -24, -60, -24, -60, 1, 6, 100, 0, 0, 0, 6, 143, 1613, AVANZA, moneda
2, 2, 2, -24, -60, -24, -60, -24, -60, 1, 6, 100, 0, 0, 0, 8, 143, 1613, AVANZA, moneda
2, 2, 2, -24, -60, -24, -60, -24, -60, 1, 6, 100, 0, 0, 0, 8, 143, 1613, AVANZA, moneda
2, 2, 0, -24, -60, -24, -60, 0, 0, 1, 4, 102, 0, 0, 0, 8, 143, 1645, AVANZA, moneda
2, 2, 0, -24, -60, -24, -60, 0, 0, 1, 4, 102, 0, 0, 0, 10, 143, 1645, AVANZA, moneda
2, 2, 0, -24, -60, -24, -60, 0, 0, 1, 4, 102, 0, 0, 0, 10, 143, 1645, AVANZA, moneda
0, 0, 0, -24, -60, 0, 0, 0, 0, 1, 2, 104, 0, 0, 0, 10, 142, 1677, AVANZA, no_danger
0, 0, 0, -24, -60, 0, 0, 0, 0, 1, 2, 104, 0, 0, 0, 12, 142, 1677, AVANZA, no_danger
0, 0, 0, -24, -60, 0, 0, 0, 0, 1, 2, 104, 0, 0, 0, 12, 142, 1677, AVANZA, no_danger
0, 0, 0, 0, 0, 0, 0, 0, 0, 1, 2, 104, 1, 0, 0, 12, 142, 1677, AVANZA, peligro
0, 0, 0, 0, 0, 0, 0, 0, 0, 1, 2, 104, 1, 0, 0, 12, 142, 1677, AVANZA, peligro
0, 0, 0, 0, 0, 0, 0, 0, 0, 1, 2, 104, 1, 0, 0, 12, 142, 1677, AVANZA, peligro
0, 0, 0, 0, 0, 0, 0, 0, 80, 1, 2, 104, 0, 0, 0, 12, 142, 1677, AVANZA, no_danger
0, 0, 0, 0, 0, 0, 0, 0, 80, 1, 2, 104, 0, 0, 0, 12, 142, 1677, AVANZA, no_danger
0, 0, 0, 0, -60, 0, -60, 0, -60, 1, 2, 104, 0, 0, 0, 12, 142, 1677, AVANZA, no_danger
0, 0, 0, 0, -60, 0, -60, 80, -60, 1, 2, 104, 0, 0, 0, 10, 142, 1677, AVANZA, no_danger
0, 0, 0, 0, -60, 0, -60, 80, -60, 1, 2, 104, 0, 0, 0, 10, 142, 1677, AVANZA, no_danger
0, 0, 0, -60, -60, -60, -60, -60, -60, 1, 2, 104, 0, 0, 0, 10, 142, 1677, AVANZA, no_danger
0, 0, 80, -60, -60, -60, -60, -60, -60, 1, 2, 104, 0, 0, 1, 8, 142, 1677, AVANZA, peligro
0, 0, 80, -60, -60, -60, -60, -60, -60, 1, 2, 104, 0, 0, 1, 8, 142, 1677, AVANZA, peligro
0, 80, 80, -60, -60, -60, -60, -60, -60, 1, 2, 104, 0, 0, 1, 8, 142, 1677, JUMP-RIGHT, peligro
0, 80, 0, -60, -60, -60, -60, -60, -60, 1, 2, 104, 0, 0, 1, 8, 141, 1677, JUMP-RIGHT, peligro
0, 0, 0, 80, -60, 0, -60, -60, -60, 1, 2, 104, 0, 0, 1, 6, 141, 1677, JUMP-RIGHT, peligro
0, 0, 0, 0, 0, 0, 80, 0, -60, 1, 2, 104, 0, 0, 0, 6, 141, 1677, JUMP-RIGHT, no_danger
0, 0, 0, 0, 0, 0, 0, 0, 0, 1, 5, 104, 1, 0, 0, 6, 141, 1677, JUMP-RIGHT, peligro
0, 0, 0, 0, 0, 0, 0, 0, 0, 1, 5, 104, 1, 0, 0, 4, 141, 1677, JUMP-RIGHT, peligro
0, 0, 0, 0, 0, 0, 0, 0, 0, 1, 5, 104, 1, 0, 0, 4, 141, 1677, JUMP-RIGHT, peligro
0, 0, 0, 0, 0, 0, 0, 0, 0, 1, 3, 104, 1, 0, 0, 4, 141, 1677, JUMP-RIGHT, peligro
0, 0, 0, 0, 0, 0, 0, 0, 0, 1, 3, 104, 1, 0, 0, 2, 141, 1677, JUMP-RIGHT, peligro
0, 0, 0, 0, 0, 0, 0, 0, 0, 1, 3, 104, 1, 0, 0, 2, 141, 1677, JUMP-RIGHT, peligro
0, 0, 0, 0, 0, 0, 0, 0, -85, 1, 1, 104, 0, 0, 0, 2, 141, 1677, AVANZA, no_danger
0, 0, 0, 0, 0, 0, 0, 0, -85, 1, 1, 104, 0, 0, 0, 0, 141, 1677, AVANZA, no_danger
0, 0, 0, 0, -60, 0, -60, -85, -60, 1, 0, 104, 0, 0, 0, 0, 141, 1677, AVANZA, no_danger
0, 0, 0, 0, -60, -85, -60, -85, -60, 1, 0, 104, 0, 0, 0, 0, 141, 1677, AVANZA, no_danger
0, 0, -85, -60, -60, -60, -60, -60, -60, 1, 0, 104, 0, 1, 0, 0, 141, 1677, AVANZA, peligro
0, 0, -85, -60, -60, -60, -60, -60, -60, 1, 0, 104, 0, 1, 0, 0, 141, 1677, AVANZA, peligro
0, -85, -85, -60, -60, -60, -60, -60, -60, 1, 0, 104, 0, 1, 0, 0, 140, 1677, AVANZA, peligro
0, -85, -85, -60, -60, -60, -60, -60, -60, 1, 0, 104, 0, 1, 0, 0, 140, 1677, AVANZA, peligro
0, -85, -85, -60, -60, -60, -60, -60, -60, 1, 0, 104, 0, 1, 0, 0, 140, 1677, AVANZA, peligro
0, -85, -85, -60, -60, -60, -60, -60, -60, 1, 0, 104, 0, 1, 0, 0, 140, 1677, AVANZA, peligro
0, -85, -85, -60, -60, -60, -60, -60, -60, 1, 0, 104, 0, 1, 0, 0, 140, 1677, JUMP-RIGHT, peligro
0, -85, -85, -60, -60, -60, -60, -60, -60, 1, 0, 104, 0, 1, 0, 0, 140, 1677, JUMP-RIGHT, peligro
0, 0, 0, -85, -60, -85, -60, 0, -60, 1, 0, 104, 0, 0, 0, 0, 140, 1677, JUMP-RIGHT, no_danger
0, 0, 0, 0, -85, 0, -85, 0, 0, 1, 0, 104, 0, 0, 0, 0, 140, 1677, JUMP-RIGHT, no_danger
0, 0, 0, 0, 0, 0, 0, 0, 0, 1, 0, 104, 1, 0, 0, 0, 140, 1677, JUMP-RIGHT, peligro
0, 0, 0, 0, 0, 0, 0, 0, 0, 1, 0, 104, 1, 0, 0, 0, 140, 1677, JUMP-RIGHT, peligro
0, 0, 0, 0, 0, 0, 0, 0, -85, 1, 0, 104, 0, 0, 0, 0, 140, 1677, JUMP-RIGHT, no_danger
0, 0, 0, 0, 0, 0, 0, 0, 0, 1, 0, 104, 1, 0, 0, 0, 140, 1677, JUMP-RIGHT, peligro
0, 0, 0, 0, 0, 0, 0, 0, 0, 1, 0, 104, 1, 0, 0, 0, 140, 1677, JUMP-RIGHT, peligro
0, 0, 0, 0, 0, 0, 0, 0, 0, 1, 0, 104, 1, 0, 0, 0, 140, 1677, JUMP-RIGHT, peligro
0, 0, 0, 0, 0, 0, 0, 0, -85, 1, 0, 104, 0, 0, 0, 0, 140, 1677, JUMP-RIGHT, no_danger
0, 0, 0, 0, 0, 0, 0, 0, -85, 1, 0, 104, 0, 0, 0, 0, 139, 1677, JUMP-RIGHT, no_danger
0, 0, 0, 0, 0, -85, -85, -85, -85, 1, 0, 104, 0, 0, 0, 0, 139, 1677, JUMP-RIGHT, no_danger
0, 0, 0, 0, 0, -85, -85, -85, -85, 1, 0, 104, 0, 0, 0, 0, 139, 1677, JUMP-RIGHT, no_danger
0, 0, -85, 0, -60, -85, -60, -85, -60, 1, 0, 104, 0, 1, 0, 0, 139, 1677, AVANZA, peligro
0, 0, -85, 0, -60, -85, -60, -85, -60, 1, 0, 104, 0, 1, 0, 0, 139, 1677, AVANZA, peligro
0, -85, -85, -85, -60, -85, -60, 0, -60, 1, 0, 104, 0, 1, 0, 0, 139, 1677, AVANZA, peligro
-85, -85, -85, -60, -60, -60, -60, -60, -60, 1, 0, 104, 0, 1, 0, 0, 139, 1677, AVANZA, peligro
-85, -85, -85, -60, -60, -60, -60, -60, -60, 1, 0, 104, 0, 1, 0, 0, 139, 1677, AVANZA, peligro
-85, -85, -85, -60, -60, -60, -60, -60, -60, 1, 0, 104, 0, 1, 0, 0, 139, 1677, AVANZA, peligro
-85, -85, -85, -60, -60, -60, -60, -60, -60, 1, 0, 104, 0, 1, 0, 0, 139, 1677, AVANZA, peligro
-85, -85, -85, -60, -60, -60, -60, -60, -60, 1, 0, 104, 0, 1, 0, 0, 139, 1677, AVANZA, peligro
-85, -85, -85, -60, -60, -60, -60, -60, -60, 1, 0, 104, 0, 1, 0, 0, 139, 1677, AVANZA, peligro
-85, -85, -85, -60, -60, -60, -60, -60, -60, 1, 0, 104, 0, 1, 0, 0, 139, 1677, JUMP-RIGHT, peligro
-85, -85, -85, -60, -60, -60, -60, -60, -60, 1, 0, 104, 0, 1, 0, 0, 139, 1677, JUMP-RIGHT, peligro
0, -85, -85, -85, -60, -85, -60, 0, -60, 1, 0, 104, 0, 1, 0, 0, 139, 1677, JUMP-RIGHT, peligro
0, 0, 0, -85, -85, -85, -85, 0, 0, 1, 0, 104, 0, 0, 0, 0, 138, 1677, JUMP-RIGHT, no_danger
0, 0, 0, 0, -85, 0, -85, 0, 0, 1, 0, 104, 0, 0, 0, 0, 138, 1677, JUMP-RIGHT, no_danger
0, 0, 0, 0, -85, 0, -85, 0, 0, 1, 0, 104, 0, 0, 0, 0, 138, 1677, JUMP-RIGHT, no_danger
0, 0, 0, 0, -85, 0, -85, 0, 0, 1, 0, 104, 0, 0, 0, 0, 138, 1677, JUMP-RIGHT, no_danger
0, 0, 0, 0, 0, 0, 0, 0, 0, 1, 0, 104, 1, 0, 0, 0, 138, 1677, JUMP-RIGHT, peligro
0, 0, 0, 0, 0, 0, 0, 0, 0, 1, 0, 104, 1, 0, 0, 0, 138, 1677, JUMP-RIGHT, peligro
0, 0, 0, 0, 0, 0, 0, 0, 0, 1, 0, 104, 1, 0, 0, 0, 138, 1677, JUMP-RIGHT, peligro
0, 0, 0, 0, -85, 0, 0, 0, 0, 1, 0, 104, 0, 0, 0, 0, 138, 1677, JUMP-RIGHT, no_danger
0, 0, 0, 0, -85, 0, 0, 0, 0, 1, 0, 104, 0, 0, 0, 0, 138, 1677, AVANZA, no_danger
0, 0, 0, -85, -85, 0, 0, 0, 80, 1, 0, 104, 0, 0, 0, 0, 138, 1677, AVANZA, no_danger
0, 0, 0, 0, 0, 0, 80, 0, 0, 1, 0, 104, 0, 0, 0, 0, 138, 1677, AVANZA, no_danger
0, 0, 0, 0, 0, 0, 80, 0, 0, 1, 0, 104, 0, 0, 0, 0, 138, 1677, AVANZA, no_danger
0, 0, 0, 0, 80, 0, 0, 0, 0, 1, 0, 104, 0, 0, 0, 0, 138, 1677, AVANZA, no_danger
0, 0, 0, 0, 80, 0, 0, 0, 80, 1, 0, 104, 0, 0, 0, 0, 138, 1677, AVANZA, no_danger
0, 0, 0, 0, 0, 0, 80, 0, 0, 1, 0, 104, 0, 0, 0, 0, 138, 1677, AVANZA, no_danger
0, 0, 0, 0, -60, 80, -60, 0, -60, 1, 0, 104, 0, 0, 1, 0, 137, 1677, AVANZA, peligro
0, 0, 0, 0, -60, 80, -60, 0, -60, 1, 0, 104, 0, 0, 1, 0, 137, 1677, AVANZA, peligro
0, 80, 0, -60, -60, -60, -60, -60, -60, 1, 0, 104, 0, 0, 1, 0, 137, 1687, AVANZA, peligro
0, 0, 0, 80, -60, 0, -60, 0, -60, 1, 0, 104, 0, 0, 1, 0, 137, 1687, AVANZA, peligro
0, 0, 0, 0, 80, 0, 0, 0, 0, 1, 0, 104, 0, 0, 0, 0, 137, 1687, AVANZA, no_danger
0, 0, 0, 0, 0, 0, 0, 0, 0, 1, 0, 104, 1, 0, 0, 0, 137, 1687, AVANZA, peligro
0, 0, 0, 0, 0, 0, 0, 0, 0, 1, 0, 104, 1, 0, 0, 0, 137, 1687, AVANZA, peligro
0, 0, 0, 0, 0, 0, 0, 0, 0, 1, 0, 104, 1, 0, 0, 0, 137, 1687, AVANZA, peligro
0, 0, 0, 0, 0, 0, 0, 0, 0, 1, 0, 104, 1, 0, 0, 0, 137, 1687, AVANZA, peligro
0, 0, 0, 0, -60, 0, 0, 0, 0, 1, 0, 104, 0, 0, 0, 0, 137, 1687, AVANZA, no_danger
0, 0, 0, 0, -60, 0, 0, 0, 0, 1, 0, 104, 0, 0, 0, 0, 137, 1687, AVANZA, no_danger
0, 0, 0, -60, -60, 0, 0, 0, 0, 1, 0, 104, 0, 0, 0, 0, 137, 1687, AVANZA, no_danger
0, 0, 0, 0, 0, 0, 0, 0, 80, 1, 0, 104, 0, 0, 0, 0, 137, 1687, AVANZA, no_danger
0, 0, 0, 0, 0, 0, 0, 0, 80, 1, 0, 104, 0, 0, 0, 0, 137, 1687, AVANZA, no_danger
0, 0, 0, 0, 0, 0, 0, 0, 80, 1, 0, 104, 0, 0, 0, 0, 137, 1687, AVANZA, no_danger
0, 0, -62, 0, 0, 0, 80, 0, 0, 1, 0, 104, 0, 1, 0, 0, 136, 1687, AVANZA, peligro
0, 0, 0, 0, -60, 80, -60, 0, -60, 1, 0, 104, 0, 0, 1, 0, 136, 1687, AVANZA, peligro
0, 0, 0, 0, -60, 80, -60, 0, -60, 1, 0, 104, 0, 0, 1, 0, 136, 1687, AVANZA, peligro
0, 0, 80, -60, 0, -60, 0, -60, 0, 1, 0, 104, 0, 0, 1, 0, 136, 1687, AVANZA, peligro
0, 0, 80, -60, 0, -60, 0, -60, 0, 1, 0, 104, 0, 0, 1, 0, 136, 1687, AVANZA, peligro
0, 0, 80, -60, 0, -60, 0, -60, 0, 1, 0, 104, 0, 0, 1, 0, 136, 1687, AVANZA, peligro
0, 80, 0, -60, 0, -60, 0, -60, 0, 1, 0, 104, 0, 0, 1, 0, 136, 1687, AVANZA, peligro
0, 80, 0, -60, 0, -60, 0, -60, 0, 1, 0, 104, 0, 0, 1, 0, 136, 1687, JUMP-RIGHT, peligro
0, 80, 0, -60, 0, -60, 0, -60, 0, 1, 0, 104, 0, 0, 1, 0, 136, 1687, JUMP-RIGHT, peligro
-62, 0, 0, 0, -60, 0, -60, 0, -60, 1, 0, 104, 0, 1, 0, 0, 136, 1687, JUMP-RIGHT, peligro
0, -62, -62, 0, 0, 0, 0, 0, 0, 1, 0, 104, 1, 1, 0, 0, 136, 1687, JUMP-RIGHT, peligro
-62, 0, 0, -62, 0, -62, 0, 0, 0, 1, 0, 104, 0, 1, 0, 0, 136, 1687, JUMP-RIGHT, peligro
-62, 0, 0, -62, 0, 0, 0, 0, 0, 1, 0, 104, 0, 1, 0, 0, 136, 1687, JUMP-RIGHT, peligro
-62, 0, 0, -62, 0, 0, 0, 0, 0, 1, 0, 104, 0, 1, 0, 0, 136, 1687, JUMP-RIGHT, peligro
0, -62, -62, 0, -62, 0, 0, 0, 0, 1, 0, 104, 0, 1, 0, 0, 136, 1687, JUMP-RIGHT, peligro
0, -62, 0, 0, 0, 0, 0, 0, 0, 1, 0, 104, 1, 1, 0, 0, 135, 1687, JUMP-RIGHT, peligro
0, -62, 0, 0, 0, 0, 0, 0, 0, 1, 0, 104, 1, 1, 0, 0, 135, 1687, JUMP-RIGHT, peligro
-62, 0, 0, 0, 0, 0, 0, 0, 0, 1, 0, 104, 1, 1, 0, 0, 135, 1687, JUMP-RIGHT, peligro
0, 0, 0, 0, 0, 0, 0, 0, 0, 1, 0, 104, 1, 0, 0, 0, 135, 1687, AVANZA, peligro
0, 0, 0, 0, 0, 0, 0, 0, 0, 1, 0, 104, 1, 0, 0, 0, 135, 1687, AVANZA, peligro
0, 0, 0, 0, 0, 0, 0, 0, 0, 1, 0, 104, 1, 0, 0, 0, 135, 1687, AVANZA, peligro
0, 0, 0, 0, -60, 0, -60, 0, -60, 1, 0, 104, 0, 0, 0, 0, 135, 1687, AVANZA, no_danger
0, 0, 0, -60, 0, -60, 0, -60, 0, 1, 0, 104, 0, 0, 0, 0, 135, 1687, AVANZA, no_danger
0, 0, 0, -60, 0, -60, 0, 0, 0, 1, 0, 104, 0, 0, 0, 0, 135, 1687, AVANZA, no_danger
0, 0, 0, -60, 0, -60, 0, 0, 0, 1, 0, 104, 0, 0, 0, 0, 135, 1687, AVANZA, no_danger
0, 0, 0, -60, 0, -60, 0, 0, 0, 1, 0, 104, 0, 0, 0, 0, 135, 1687, AVANZA, no_danger
0, 0, 0, -60, 0, 0, 0, 0, 0, 1, 0, 104, 0, 0, 0, 0, 135, 1687, AVANZA, no_danger
0, 0, 0, -60, 0, 0, 0, 0, 0, 1, 0, 104, 0, 0, 0, 0, 135, 1687, AVANZA, no_danger
0, 0, 0, -60, 0, 0, 0, 0, 0, 1, 0, 104, 0, 0, 0, 0, 135, 1687, AVANZA, no_danger
0, 0, 0, 0, 0, 0, 0, 0, 0, 1, 0, 104, 1, 0, 0, 0, 135, 1687, AVANZA, peligro
0, 0, 0, 0, 0, 0, 0, 0, 0, 1, 0, 104, 1, 0, 0, 0, 134, 1687, AVANZA, peligro
0, 0, 0, 0, 0, 0, 0, 0, 0, 1, 0, 104, 1, 0, 0, 0, 134, 1687, AVANZA, peligro
0, 0, 0, 0, 0, 0, 0, 0, 0, 1, 0, 104, 1, 0, 0, 0, 134, 1687, AVANZA, peligro
0, 0, 0, 0, 0, 0, 0, 0, 0, 1, 0, 104, 1, 0, 0, 0, 134, 2711, AVANZA, peligro
0, 0, 0, -60, 0, -60, 0, -60, 0, 2, 0, 0, 0, 0, 0, 0, 198, -1, PARADO, no_danger
0, 0, 0, -60, 0, -60, 0, -60, 0, 2, 0, 0, 0, 0, 0, 0, 198, -1, PARADO, no_danger
0, 0, 0, -60, 0, -60, 0, -60, 0, 2, 0, 0, 0, 0, 0, 0, 198, -1, PARADO, no_danger
0, 0, 0, -60, 0, -60, 0, -60, 0, 2, 0, 0, 0, 0, 0, 0, 198, -1, PARADO, no_danger
0, 0, 0, -60, 0, -60, 0, -60, 0, 2, 0, 0, 0, 0, 0, 0, 198, -1, PARADO, no_danger
0, 0, 0, -60, 0, -60, 0, -60, 0, 2, 0, 0, 0, 0, 0, 0, 197, -1, PARADO, no_danger
0, 0, 0, -60, 0, -60, 0, -60, 0, 2, 0, 0, 0, 0, 0, 0, 197, -1, PARADO, no_danger
0, 0, 0, -60, 0, -60, 0, -60, 0, 2, 0, 0, 0, 0, 0, 0, 197, -1, PARADO, no_danger
0, 0, 0, -60, 0, -60, 0, -60, 0, 2, 0, 0, 0, 0, 0, 0, 197, -1, PARADO, no_danger
0, 0, 0, -60, 0, -60, 0, -60, 0, 2, 0, 0, 0, 0, 0, 0, 197, -1, PARADO, no_danger
0, 0, 0, -60, 0, -60, 0, -60, 0, 2, 0, 0, 0, 0, 0, 0, 197, -1, PARADO, no_danger
0, 0, 0, -60, 0, -60, 0, -60, 0, 2, 0, 0, 0, 0, 0, 0, 197, -1, PARADO, no_danger
0, 0, 0, -60, 0, -60, 0, -60, 0, 2, 0, 0, 0, 0, 0, 0, 197, -1, PARADO, no_danger
0, 0, 0, -60, 0, -60, 0, -60, 0, 2, 0, 0, 0, 0, 0, 0, 197, -1, PARADO, no_danger
0, 0, 0, -60, 0, -60, 0, -60, 0, 2, 0, 0, 0, 0, 0, 0, 197, -1, PARADO, no_danger
0, 0, 0, -60, 0, -60, 0, -60, 0, 2, 0, 0, 0, 0, 0, 0, 197, -1, PARADO, no_danger
0, 0, 0, -60, 0, -60, 0, -60, 0, 2, 0, 0, 0, 0, 0, 0, 197, -1, PARADO, no_danger
0, 0, 0, -60, 0, -60, 0, -60, 0, 2, 0, 0, 0, 0, 0, 0, 197, -1, PARADO, no_danger
0, 0, 0, -60, 0, -60, 0, -60, 0, 2, 0, 0, 0, 0, 0, 0, 197, -1, PARADO, no_danger
0, 0, 0, -60, 0, -60, 0, -60, 0, 2, 0, 0, 0, 0, 0, 0, 197, -1, PARADO, no_danger
0, 0, 0, -60, 0, -60, 0, -60, 0, 2, 0, 0, 0, 0, 0, 0, 196, -1, PARADO, no_danger
0, 0, 0, -60, 0, -60, 0, -60, 0, 2, 0, 0, 0, 0, 0, 0, 196, -1, PARADO, no_danger
0, 0, 0, -60, 0, -60, 0, -60, 0, 2, 0, 0, 0, 0, 0, 0, 196, -1, PARADO, no_danger
0, 0, 0, -60, 0, -60, 0, -60, 0, 2, 0, 0, 0, 0, 0, 0, 196, -1, PARADO, no_danger
0, 0, 0, -60, 0, -60, 0, -60, 0, 2, 0, 0, 0, 0, 0, 0, 196, -1, PARADO, no_danger
0, 0, 0, -60, 0, -60, 0, -60, 0, 2, 0, 0, 0, 0, 0, 0, 196, -1, PARADO, no_danger
0, 0, 0, -60, 0, -60, 0, -60, 0, 2, 0, 0, 0, 0, 0, 0, 196, -1, PARADO, no_danger
0, 0, 0, -60, 0, -60, 0, -60, 0, 2, 0, 0, 0, 0, 0, 0, 196, -1, PARADO, no_danger
0, 0, 0, -60, 0, -60, 0, -60, 0, 2, 0, 0, 0, 0, 0, 0, 196, -1, PARADO, no_danger
0, 0, 0, -60, 0, -60, 0, -60, 0, 2, 0, 0, 0, 0, 0, 0, 196, -1, PARADO, no_danger