0, 0, 0, 0, -60, 0, -60, 0, -60, 2, 0, 0, 0, 0, 0, 0, 198, -1, AVANZA, no_danger
0, 0, 0, 0, -60, 0, -60, 0, -60, 2, 0, 0, 0, 0, 0, 0, 198, -1, AVANZA, no_danger
0, 0, 0, -60, 0, -60, 0, -60, 0, 2, 0, 0, 0, 0, 0, 0, 198, -1, AVANZA, no_danger
0, 0, 0, 0, 0, 0, 0, 0, 0, 2, 0, 0, 1, 0, 0, 0, 198, -1, AVANZA, peligro
0, 0, 0, 0, 0, 0, 0, 0, 0, 2, 0, 0, 1, 0, 0, 0, 198, -1, AVANZA, peligro
0, 0, 0, -60, 0, -60, 0, -60, 0, 2, 0, 0, 0, 0, 0, 0, 197, -1, AVANZA, no_danger
0, 0, 0, -60, 0, -60, 0, -60, 0, 2, 0, 0, 0, 0, 0, 0, 197, -1, AVANZA, no_danger
0, 0, 0, -60, 0, -60, 0, -60, 0, 2, 0, 0, 0, 0, 0, 0, 197, -1, JUMP-RIGHT, no_danger
0, 0, 0, -60, 0, -60, 0, -60, 0, 2, 0, 0, 0, 0, 0, 0, 197, -1, JUMP-RIGHT, no_danger
0, 0, 0, 0, -60, 0, -60, 80, -60, 2, 0, 0, 0, 0, 0, 0, 197, -1, JUMP-RIGHT, no_danger
0, 0, 0, 0, 0, 0, 0, 0, 80, 2, 0, 0, 0, 0, 0, 0, 197, -1, JUMP-RIGHT, no_danger
0, 0, 0, 0, 0, 0, 0, 0, 0, 2, 0, 0, 1, 0, 0, 0, 197, -1, JUMP-RIGHT, peligro
0, 0, 0, 0, 0, 0, 0, 0, 0, 2, 0, 0, 1, 0, 0, 0, 197, -1, JUMP-RIGHT, peligro
0, 0, 0, 0, 0, 0, 0, 0, 0, 2, 0, 0, 1, 0, 0, 0, 197, -1, JUMP-RIGHT, peligro
0, 0, 0, 0, 0, 0, 0, 0, 0, 2, 0, 0, 1, 0, 0, 0, 197, -1, AVANZA, peligro
0, 0, 0, 0, 0, 0, 0, 0, 0, 2, 0, 0, 1, 0, 0, 0, 197, -1, AVANZA, peligro
0, 0, 0, 0, 0, 0, 0, 0, 0, 2, 0, 0, 1, 0, 0, 0, 197, -1, AVANZA, peligro
0, 0, 0, 0, 0, 0, 0, 0, 0, 2, 0, 0, 1, 0, 0, 0, 197, -1, AVANZA, peligro
0, 0, 0, 0, 0, 0, 0, 0, 0, 2, 0, 0, 1, 0, 0, 0, 197, -1, AVANZA, peligro
0, 0, 0, 0, 0, 0, 0, 0, 0, 2, 0, 0, 1, 0, 0, 0, 197, -1, AVANZA, peligro
0, 0, 0, 0, -60, 0, -60, 0, -60, 2, 0, 0, 0, 0, 0, 0, 196, -1, AVANZA, no_danger
0, 0, 0, 0, -60, 0, -60, 0, -60, 2, 0, 0, 0, 0, 0, 0, 196, -1, AVANZA, no_danger
0, 0, 0, -60, 0, -60, 0, -60, 0, 2, 0, 0, 0, 0, 0, 0, 196, -1, AVANZA, no_danger
0, 0, 0, -60, 0, -60, 0, -60, 0, 2, 0, 0, 0, 0, 0, 0, 196, -1, AVANZA, no_danger
0, 0, 0, -60, -60, -60, -60, -60, -60, 2, 0, 0, 0, 0, 0, 0, 196, -1, JUMP-RIGHT, no_danger
0, 0, 0, 0, -60, 0, -60, 0, -60, 2, 0, 0, 0, 0, 0, 0, 196, -1, JUMP-RIGHT, no_danger
0, 0, 0, 0, 0, 0, 0, 0, -85, 2, 0, 0, 0, 0, 0, 0, 196, -1, JUMP-RIGHT, no_danger
0, 0, 0, 0, 0, 0, 0, 0, -85, 2, 0, 0, 0, 0, 0, 0, 196, -1, AVANZA, no_danger
0, 0, 0, 0, 0, 0, 0, 0, -85, 2, 0, 0, 0, 0, 0, 0, 196, -1, AVANZA, no_danger
0, 0, 0, 0, 0, 0, 0, 0, -85, 2, 0, 0, 0, 0, 0, 0, 196, -1, AVANZA, no_danger
0, 0, -60, -60, 0, -60, 0, -60, 0, 2, 0, 0, 0, 1, 0, 0, 196, -1, AVANZA, peligro
0, 0, -60, -60, 0, -60, 0, -60, 0, 2, 0, 0, 0, 1, 0, 0, 196, -1, AVANZA, peligro
0, -60, -60, -60, 0, -60, 0, -60, 0, 2, 0, 0, 0, 1, 0, 0, 196, -1, JUMP-RIGHT, peligro
0, -60, -60, -60, 0, -60, 0, -60, 0, 2, 0, 0, 0, 1, 0, 0, 196, -1, JUMP-RIGHT, peligro
0, 0, 0, 0, 0, 0, 0, 0, 0, 2, 0, 0, 1, 0, 0, 0, 196, -1, JUMP-RIGHT, peligro
0, 0, 0, 0, 0, 0, -85, 0, -85, 2, 0, 0, 0, 0, 0, 0, 195, -1, AVANZA, no_danger
0, 0, 0, 0, 0, 0, -85, 0, -85, 2, 0, 0, 0, 0, 0, 0, 195, -1, AVANZA, no_danger
0, 0, 0, 0, -60, -85, -60, -85, -60, 2, 0, 0, 0, 0, 0, 0, 195, -1, AVANZA, no_danger
0, 0, 0, -85, -60, -85, -60, 0, -60, 2, 0, 0, 0, 0, 0, 0, 195, -1, AVANZA, no_danger
0, 0, 0, -85, -60, -85, -60, 0, -60, 2, 0, 0, 0, 0, 0, 0, 195, -1, AVANZA, no_danger
0, 0, 0, 0, -85, 0, -85, 0, 0, 2, 0, 0, 0, 0, 0, 0, 195, -1, AVANZA, no_danger
0, 0, 0, 0, -85, 0, -85, 0, 0, 2, 0, 0, 0, 0, 0, 0, 195, -1, AVANZA, no_danger
0, 0, 0, 0, -85, 0, 0, 0, 0, 2, 0, 0, 0, 0, 0, 0, 195, -1, AVANZA, no_danger
0, -85, -85, -60, -60, -60, -60, -60, -60, 2, 0, 0, 0, 1, 0, 0, 195, -1, AVANZA, peligro
0, -85, -85, -60, -60, -60, -60, -60, -60, 2, 0, 0, 0, 1, 0, 0, 195, -1, AVANZA, peligro
0, -85, -85, -60, -60, -60, -60, -60, -60, 2, 0, 0, 0, 1, 0, 0, 195, -1, AVANZA, peligro
0, -85, -85, -60, -60, -60, -60, -60, -60, 2, 0, 0, 0, 1, 0, 0, 195, -1, AVANZA, peligro
0, -85, -85, -60, -60, -60, -60, -60, -60, 2, 0, 0, 0, 1, 0, 0, 195, -1, AVANZA, peligro
0, -85, -85, -60, -60, -60, -60, -60, -60, 2, 0, 0, 0, 1, 0, 0, 195, -1, JUMP-RIGHT, peligro
0, -85, -85, -60, -60, -60, -60, -60, -60, 2, 0, 0, 0, 1, 0, 0, 195, -1, JUMP-RIGHT, peligro
0, 0, 0, 0, -85, 0, 0, 0, 0, 2, 0, 0, 0, 0, 0, 0, 194, -1, AVANZA, no_danger
0, 0, 0, 0, -85, 0, 0, 0, 0, 2, 0, 0, 0, 0, 0, 0, 194, -1, AVANZA, no_danger
0, 0, 0, -85, -60, 0, -60, 0, -60, 2, 0, 0, 0, 0, 0, 0, 194, -1, AVANZA, no_danger
0, 0, 0, -85, -60, 0, -60, 0, -60, 2, 0, 0, 0, 0, 0, 0, 194, -1, AVANZA, no_danger
0, 0, 0, 0, -60, 0, -60, 0, -60, 2, 0, 0, 0, 0, 0, 0, 194, -1, AVANZA, no_danger
0, 0, 0, 0, -60, 0, -60, 0, -60, 2, 0, 0, 0, 0, 0, 0, 194, -1, AVANZA, no_danger
0, 0, 0, 0, -60, 0, -60, 0, -60, 2, 0, 0, 0, 0, 0, 0, 194, -1, JUMP-RIGHT, no_danger
0, 0, 0, 0, -60, 0, -60, 0, -60, 2, 2, 0, 0, 0, 0, 0, 194, -1, JUMP-RIGHT, no_danger
0, 0, 0, 0, 0, 0, 0, 80, 0, 2, 4, 0, 0, 0, 0, 0, 194, -1, JUMP-RIGHT, no_danger
0, 0, 0, 0, 0, 0, 0, 0, 80, 2, 4, 0, 0, 0, 0, 0, 194, -1, JUMP-RIGHT, no_danger
0, 0, 0, 0, 0, 0, 80, 0, 0, 2, 6, 0, 0, 0, 0, 0, 194, -1, JUMP-RIGHT, no_danger
0, 0, 0, 0, 0, 0, 0, 0, 0, 2, 2, 0, 1, 0, 0, 0, 194, -1, JUMP-RIGHT, peligro
0, 0, 0, 0, 0, 0, 0, 0, 0, 2, 6, 0, 1, 0, 0, 0, 194, -1, JUMP-RIGHT, peligro
0, 0, 0, 0, 0, 0, 0, 0, 0, 2, 8, 0, 1, 0, 0, 0, 194, -1, JUMP-RIGHT, peligro
0, 0, 0, 0, 0, 0, 0, 0, 0, 2, 8, 0, 1, 0, 0, 0, 194, -1, AVANZA, peligro
0, 0, 0, 0, -60, 0, -60, 0, -60, 2, 8, 0, 0, 0, 0, 0, 193, -1, AVANZA, no_danger
0, 0, 0, 0, -60, 0, -60, 0, -60, 2, 8, 0, 0, 0, 0, 0, 193, -1, AVANZA, no_danger
0, 0, 0, -60, -60, -60, -60, -60, -60, 2, 8, 0, 0, 0, 0, 0, 193, -1, AVANZA, no_danger
0, 0, 0, -60, -60, -60, -60, -60, -60, 2, 8, 0, 0, 0, 0, 0, 193, -1, AVANZA, no_danger
0, 0, 0, -60, -60, -60, -60, -60, -60, 2, 8, 0, 0, 0, 0, 0, 193, -1, AVANZA, no_danger
0, 0, 0, 0, 0, 0, 0, 0, 0, 2, 8, 0, 1, 0, 0, 0, 193, -1, AVANZA, peligro
0, 0, 0, 0, 0, 0, 0, 0, 0, 2, 8, 0, 1, 0, 0, 0, 193, -1, AVANZA, peligro
0, 0, 0, 0, 0, 0, 0, 0, 0, 2, 8, 0, 1, 0, 0, 0, 193, -1, AVANZA, peligro
2, 0, -24, -60, -60, -60, -60, -60, -60, 2, 11, 0, 0, 1, 0, 0, 193, -1, AVANZA, peligro
2, 0, -24, -60, -60, -60, -60, -60, -60, 2, 11, 0, 0, 1, 0, 0, 193, -1, AVANZA, peligro
2, -24, -24, -60, -60, -60, -60, -60, -60, 2, 14, 1, 0, 1, 0, 0, 193, 15, AVANZA, peligro
2, -24, -24, -60, -60, -60, -60, -60, -60, 2, 14, 1, 0, 1, 0, 1, 193, 15, AVANZA, peligro
0, -24, -24, -60, -60, -60, -60, -60, -60, 2, 13, 2, 0, 1, 0, 1, 193, 31, AVANZA, peligro
0, -24, -24, -60, -60, -60, -60, -60, -60, 2, 13, 2, 0, 1, 0, 2, 193, 31, AVANZA, peligro
0, -24, -24, -60, -60, -60, -60, -60, -60, 2, 13, 2, 0, 1, 0, 2, 193, 31, JUMP-RIGHT, peligro
0, 2, 2, 2, -24, 2, 0, 0, 0, 2, 15, 4, 0, 0, 0, 4, 192, 63, AVANZA, moneda
0, 2, 2, 2, -24, 2, 0, 0, 0, 2, 15, 4, 0, 0, 0, 4, 192, 63, AVANZA, moneda
2, 2, 0, 0, -60, 0, -60, 0, 0, 2, 16, 6, 0, 0, 0, 6, 192, 95, AVANZA, moneda
2, 2, 0, 0, -60, 0, -60, 0, 0, 2, 16, 6, 0, 0, 0, 6, 192, 95, AVANZA, moneda
2, 2, 0, 0, -60, 0, -60, 0, 0, 2, 16, 6, 0, 0, 0, 6, 192, 95, AVANZA, moneda
0, 0, 2, -24, -60, -24, -60, 0, -60, 2, 11, 4, 0, 0, 0, 3, 192, 63, JUMP-RIGHT, no_danger
0, 0, 2, 0, -24, 2, -24, 2, 0, 2, 11, 4, 0, 0, 0, 4, 192, 63, JUMP-RIGHT, no_danger
0, 0, 0, 0, 0, 2, 2, 2, 2, 2, 11, 4, 0, 0, 0, 4, 192, 63, AVANZA, no_danger
0, 0, 0, 0, 0, 2, 2, 2, 2, 2, 11, 4, 0, 0, 0, 4, 192, 63, AVANZA, no_danger
0, 0, 0, 2, 2, 2, 2, 0, 0, 2, 15, 4, 0, 0, 0, 4, 192, 63, AVANZA, no_danger
0, 0, 0, 2, 2, 2, 2, 0, 0, 2, 15, 4, 0, 0, 0, 4, 192, 63, AVANZA, no_danger
0, 0, 0, 2, 2, 2, 2, 0, 0, 2, 15, 4, 0, 0, 0, 4, 192, 63, AVANZA, no_danger
0, 0, 2, -24, -60, 0, -60, 0, -60, 2, 13, 6, 0, 0, 0, 4, 192, 95, AVANZA, no_danger
0, 0, 0, 0, -60, 0, -60, 0, 0, 2, 14, 8, 0, 0, 0, 6, 192, 127, AVANZA, no_danger
0, -24, -24, -60, -60, -60, -60, -60, -60, 2, 12, 3, 0, 1, 0, 2, 192, 47, JUMP-RIGHT, peligro
0, 0, 0, 0, -60, 0, 0, 0, 0, 2, 16, 8, 0, 0, 0, 8, 191, 127, AVANZA, no_danger
0, 0, 0, -60, -60, 0, 0, 0, 0, 2, 16, 8, 0, 0, 0, 8, 191, 127, AVANZA, no_danger
0, 0, 0, -60, -60, 0, 0, 0, 0, 2, 16, 8, 0, 0, 0, 8, 191, 127, AVANZA, no_danger
0, 0, 0, 0, 0, 0, 0, 2, 2, 2, 16, 8, 0, 0, 0, 7, 191, 127, AVANZA, no_danger
0, 0, 0, 0, 80, 0, -24, 2, -24, 2, 12, 8, 0, 0, 0, 6, 191, 127, AVANZA, no_danger
0, 0, 0, 0, 80, 0, -24, 2, -24, 2, 12, 8, 0, 0, 0, 6, 191, 127, AVANZA, no_danger
0, 0, 2, -24, -60, -24, -60, -24, -60, 2, 15, 8, 0, 0, 0, 5, 191, 127, AVANZA, no_danger
0, 0, 2, -24, -60, -24, -60, -24, -60, 2, 15, 8, 0, 0, 0, 4, 191, 137, AVANZA, no_danger
0, 0, 2, 0, -24, 2, -24, 2, -24, 2, 15, 8, 0, 0, 0, 4, 191, 137, AVANZA, no_danger
0, 0, 2, 0, -24, 2, -24, 2, -24, 2, 14, 8, 0, 0, 0, 4, 191, 137, AVANZA, no_danger
0, 0, 0, 0, 0, 0, 0, 0, 0, 2, 16, 8, 1, 0, 0, 8, 191, 127, AVANZA, peligro
0, 0, 0, 0, 0, 0, 0, 0, 0, 2, 16, 8, 1, 0, 0, 8, 191, 127, AVANZA, peligro
0, 0, 0, 0, 0, 0, 0, 0, 0, 2, 16, 8, 1, 0, 0, 7, 191, 127, AVANZA, peligro
0, 0, 0, 80, -60, -24, -60, -24, -60, 2, 12, 8, 0, 0, 1, 6, 191, 127, AVANZA, peligro
0, -24, -24, -60, 0, -60, 0, -60, 0, 2, 15, 8, 0, 1, 0, 4, 191, 137, AVANZA, peligro
0, 2, 2, 2, -24, 2, -24, 2, 0, 2, 17, 8, 0, 0, 0, 4, 190, 137, AVANZA, moneda
0, 2, 2, 2, -24, 2, -24, 2, 0, 2, 18, 8, 0, 0, 0, 4, 190, 137, AVANZA, moneda
2, 2, 2, -24, -60, -24, -60, 0, -60, 2, 18, 8, 0, 0, 0, 4, 190, 137, AVANZA, moneda
2, 2, 2, -24, -60, -24, -60, 0, -60, 2, 18, 8, 0, 0, 0, 4, 190, 137, AVANZA, moneda
2, 2, 2, -24, -60, -24, -60, 0, -60, 2, 18, 8, 0, 0, 0, 2, 190, 137, AVANZA, moneda
2, 2, 2, -24, -60, 0, -60, 0, -60, 2, 19, 10, 0, 0, 0, 4, 190, 169, AVANZA, moneda
2, 2, 2, -24, -60, 0, -60, 80, -60, 2, 19, 10, 0, 0, 0, 4, 190, 169, AVANZA, moneda
2, 2, 2, -24, -60, 0, -60, 80, -60, 2, 19, 10, 0, 0, 0, 2, 190, 169, AVANZA, moneda
0, 0, 2, 0, -24, 2, -24, 2, -24, 2, 14, 8, 0, 0, 0, 4, 190, 137, AVANZA, no_danger
0, 0, 2, -24, -60, -24, -60, 0, -60, 2, 16, 10, 0, 0, 0, 2, 190, 169, AVANZA, no_danger
0, 0, 2, -24, -60, 0, -60, 80, -60, 2, 17, 12, 0, 0, 0, 2, 190, 201, AVANZA, no_danger
2, 2, 2, 0, -60, 80, -60, 0, -60, 2, 20, 12, 0, 0, 1, 4, 190, 201, AVANZA, peligro
2, 2, 2, 0, -60, 80, -60, 0, -60, 2, 20, 12, 0, 0, 1, 4, 190, 201, AVANZA, peligro
0, 0, 2, 0, -60, 80, -60, 0, -60, 2, 18, 14, 0, 0, 1, 4, 190, 233, JUMP-RIGHT, peligro
2, 2, 2, 80, -60, 0, -60, -24, -60, 2, 21, 14, 0, 0, 1, 6, 190, 233, JUMP-RIGHT, peligro
0, 2, 2, 2, 80, 2, 0, 0, -24, 2, 23, 14, 0, 0, 0, 6, 189, 233, JUMP-RIGHT, moneda
2, 2, 2, 0, -60, 0, -60, -24, -60, 2, 30, 14, 0, 0, 0, 6, 189, 233, AVANZA, moneda
2, 2, 2, 0, -60, 0, -60, -24, -60, 2, 30, 14, 0, 0, 0, 6, 189, 233, AVANZA, moneda
0, 0, 0, 2, 2, 2, 2, 0, 0, 2, 27, 14, 0, 0, 0, 6, 189, 233, JUMP-RIGHT, no_danger
0, 0, 0, 0, 2, 0, 0, 0, 0, 2, 31, 14, 0, 0, 0, 6, 189, 233, JUMP-RIGHT, no_danger
0, 0, 0, 0, 2, 0, 0, 0, 0, 2, 31, 14, 0, 0, 0, 6, 189, 233, JUMP-RIGHT, no_danger
0, 0, 0, 0, 2, 0, 0, 0, 0, 2, 31, 14, 0, 0, 0, 6, 189, 233, AVANZA, no_danger
0, 0, 0, 0, 2, 0, 0, 0, 0, 2, 31, 14, 0, 0, 0, 6, 189, 233, AVANZA, no_danger
0, 0, 0, 0, 0, 0, 0, 2, 2, 2, 34, 14, 0, 0, 0, 6, 189, 233, AVANZA, no_danger
0, 0, 0, 0, 0, 0, 0, 2, 2, 2, 34, 14, 0, 0, 0, 6, 189, 233, AVANZA, no_danger
0, 0, 0, 0, 0, 0, 0, 2, 2, 2, 34, 14, 0, 0, 0, 6, 189, 233, AVANZA, no_danger
0, 0, 2, 0, -24, 2, 0, 2, 0, 2, 34, 14, 0, 0, 0, 6, 189, 233, AVANZA, no_danger
0, 0, 2, 0, -24, 2, 0, 2, 0, 2, 34, 14, 0, 0, 0, 6, 189, 233, AVANZA, no_danger
0, 0, 2, -24, -60, 0, -60, 0, -60, 2, 30, 14, 0, 0, 0, 6, 189, 233, AVANZA, no_danger
0, 0, 2, 0, -60, 0, -60, -24, -60, 2, 28, 16, 0, 0, 0, 6, 189, 265, AVANZA, no_danger
2, 2, 2, 0, -60, -24, -60, 0, -60, 2, 28, 16, 0, 0, 0, 8, 188, 265, AVANZA, moneda
2, 0, 2, -24, -60, 0, -60, -24, -60, 2, 25, 19, 0, 0, 0, 5, 188, 313, JUMP-RIGHT, moneda
2, 2, 2, 0, -60, -24, -60, -24, -60, 2, 24, 20, 0, 0, 0, 6, 188, 329, JUMP-RIGHT, moneda
2, 2, 2, 0, -60, -24, -60, -24, -60, 2, 24, 20, 0, 0, 0, 6, 188, 329, AVANZA, moneda
0, 0, 2, -24, -60, 0, -60, -24, -60, 2, 24, 20, 0, 0, 0, 5, 188, 329, JUMP-RIGHT, no_danger
0, 0, 2, -24, -60, 0, -60, -24, -60, 2, 24, 20, 0, 0, 0, 6, 188, 329, JUMP-RIGHT, no_danger
2, 0, -24, -60, -60, -60, -60, -60, -60, 2, 24, 16, 0, 1, 0, 6, 188, 265, AVANZA, peligro
0, 0, -24, -60, -60, -60, -60, -60, -60, 2, 22, 18, 0, 1, 0, 6, 188, 297, AVANZA, peligro
2, -24, 0, -60, -60, -60, -60, -60, -60, 2, 22, 18, 0, 1, 0, 8, 188, 297, AVANZA, peligro
2, -24, 0, -60, -60, -60, -60, -60, -60, 2, 22, 18, 0, 1, 0, 8, 188, 297, AVANZA, peligro
0, -24, 0, -60, -60, -60, -60, -60, -60, 2, 21, 19, 0, 1, 0, 6, 188, 313, AVANZA, peligro
0, -24, 0, -60, -60, -60, -60, -60, -60, 2, 21, 19, 0, 1, 0, 7, 188, 313, AVANZA, peligro
0, -24, 0, -60, -60, -60, -60, -60, -60, 2, 21, 19, 0, 1, 0, 7, 188, 313, AVANZA, peligro
0, -24, 0, -60, -60, -60, -60, -60, -60, 2, 21, 19, 0, 1, 0, 5, 188, 313, JUMP-RIGHT, peligro
0, -24, 0, -60, -60, -60, -60, -60, -60, 2, 21, 19, 0, 1, 0, 5, 188, 313, JUMP-RIGHT, peligro
2, 2, 2, 0, -60, -24, -60, -24, -60, 2, 24, 20, 0, 0, 0, 6, 187, 329, AVANZA, moneda
2, 2, 2, 0, -60, -24, -60, -24, -60, 2, 24, 20, 0, 0, 0, 6, 187, 329, AVANZA, moneda
2, 2, 2, 0, -60, -24, -60, -24, -60, 2, 24, 20, 0, 0, 0, 6, 187, 329, AVANZA, moneda
2, 2, 2, -24, -60, -24, -60, 0, -60, 2, 22, 22, 0, 0, 0, 8, 187, 361, AVANZA, moneda
0, 0, 2, 0, -60, -24, -60, -24, -60, 2, 22, 22, 0, 0, 0, 6, 187, 361, AVANZA, no_danger
0, 0, 2, -24, -60, -24, -60, 80, -60, 2, 20, 24, 0, 0, 0, 6, 187, 393, JUMP-RIGHT, no_danger
0, 0, 2, -24, -60, -24, -60, 80, -60, 2, 20, 24, 0, 0, 0, 6, 187, 393, JUMP-RIGHT, no_danger
0, 0, 2, -24, -60, -24, -60, 80, -60, 2, 20, 24, 0, 0, 0, 6, 187, 393, AVANZA, no_danger
2, -24, -24, -60, -60, -60, -60, -60, -60, 2, 18, 22, 0, 1, 0, 8, 187, 361, AVANZA, peligro
2, -24, -24, -60, -60, -60, -60, -60, -60, 2, 18, 22, 0, 1, 0, 8, 187, 361, AVANZA, peligro
0, -24, -24, -60, -60, -60, -60, -60, -60, 2, 16, 24, 0, 1, 0, 8, 187, 393, AVANZA, peligro
0, -24, -24, -60, -60, -60, -60, -60, -60, 2, 16, 24, 0, 1, 0, 10, 187, 393, AVANZA, peligro
0, -24, -24, -60, -60, -60, -60, -60, -60, 2, 16, 24, 0, 1, 0, 8, 187, 393, AVANZA, peligro
0, -24, -24, -60, -60, -60, -60, -60, -60, 2, 16, 24, 0, 1, 0, 8, 187, 393, JUMP-RIGHT, peligro
0, -24, -24, -60, -60, -60, -60, -60, -60, 2, 16, 24, 0, 1, 0, 8, 187, 393, JUMP-RIGHT, peligro
2, 2, 2, -24, -60, 0, -60, 80, -60, 2, 19, 24, 0, 0, 0, 5, 186, 393, AVANZA, moneda
0, 0, 2, -24, -60, 0, -60, 80, -60, 2, 17, 26, 0, 0, 0, 5, 186, 425, AVANZA, no_danger
0, 0, 0, -60, -60, -60, -60, -60, -60, 2, 10, 28, 0, 0, 0, 6, 186, 467, AVANZA, no_danger
2, 2, 2, -24, -60, 80, -60, 0, -60, 2, 19, 24, 0, 0, 1, 5, 186, 393, AVANZA, peligro
0, 0, 0, 0, -60, 0, -60, 0, -60, 2, 10, 28, 0, 0, 0, 6, 185, 467, AVANZA, no_danger
0, 0, 0, 0, -60, 0, -60, 0, -60, 2, 10, 28, 0, 0, 0, 6, 185, 467, AVANZA, no_danger
0, 0, 0, 0, -60, 0, -60, 0, -60, 2, 10, 28, 0, 0, 0, 4, 185, 467, AVANZA, no_danger
0, 0, 0, 0, -60, 0, -60, 0, -60, 2, 10, 28, 0, 0, 0, 4, 185, 467, AVANZA, no_danger
0, 0, 0, 0, -60, 0, -60, 0, -60, 2, 10, 28, 0, 0, 0, 4, 185, 467, AVANZA, no_danger
0, 0, 0, -60, -60, -60, -60, -60, -60, 2, 13, 28, 0, 0, 0, 4, 185, 467, AVANZA, no_danger
0, 0, 0, -60, -60, -60, -60, -60, -60, 2, 13, 28, 0, 0, 0, 4, 185, 467, AVANZA, no_danger
0, 0, 0, -60, -60, -60, -60, -60, -60, 2, 13, 28, 0, 0, 0, 4, 185, 467, AVANZA, no_danger
0, 0, 0, -60, -60, -60, -60, 0, -60, 2, 15, 28, 0, 0, 0, 4, 185, 467, AVANZA, no_danger
0, 0, 0, -60, -60, -60, -60, 0, -60, 2, 15, 28, 0, 0, 0, 4, 185, 467, AVANZA, no_danger
0, 0, 0, -60, -60, -60, -60, 0, -60, 2, 15, 28, 0, 0, 0, 4, 185, 467, AVANZA, no_danger
0, 0, 0, -60, -60, 0, -60, 0, -60, 2, 16, 28, 0, 0, 0, 4, 185, 467, AVANZA, no_danger
0, 0, 0, -60, -60, 0, -60, 0, -60, 2, 16, 28, 0, 0, 0, 4, 185, 467, AVANZA, no_danger
0, 0, 0, -60, -60, 0, -60, 0, -60, 2, 16, 28, 0, 0, 0, 4, 185, 467, AVANZA, no_danger
0, 0, 0, 0, -60, 0, -60, 80, -60, 2, 15, 28, 0, 0, 0, 4, 185, 467, AVANZA, no_danger
0, 2, 2, 2, -24, 2, -24, 2, -24, 2, 8, 28, 0, 0, 0, 0, 184, 467, AVANZA, moneda
2, 2, 2, -24, -60, -24, -60, 0, -60, 2, 6, 30, 0, 0, 0, 2, 184, 499, AVANZA, moneda
2, 2, 2, -24, -60, -24, -60, 0, -60, 2, 6, 30, 0, 0, 0, 2, 184, 499, AVANZA, moneda
2, 2, 0, -24, -60, 0, -60, 0, -60, 2, 4, 32, 0, 0, 0, 2, 184, 531, AVANZA, moneda
0, 0, 0, 0, -60, 0, -60, 80, -60, 2, 15, 28, 0, 0, 0, 2, 184, 467, AVANZA, no_danger
0, 0, 0, 0, 80, 0, 0, -24, -60, 2, 11, 28, 0, 0, 0, 2, 184, 467, JUMP-RIGHT, no_danger
0, 0, 0, 0, 0, 0, 0, 0, -24, 2, 11, 28, 0, 0, 0, 0, 184, 467, JUMP-RIGHT, no_danger
0, 0, 0, 0, 0, 0, 0, 2, 2, 2, 9, 28, 0, 0, 0, 0, 184, 467, AVANZA, no_danger
0, 0, 0, 0, 0, 0, 0, 2, 2, 2, 9, 28, 0, 0, 0, 0, 184, 467, AVANZA, no_danger
0, 0, 0, 0, 0, 2, 2, 2, 2, 2, 8, 28, 0, 0, 0, 0, 184, 467, AVANZA, no_danger
0, 0, 0, 0, 0, 2, 2, 2, 2, 2, 8, 28, 0, 0, 0, 0, 184, 467, AVANZA, no_danger
0, 0, 0, 2, 2, 2, 2, 2, 2, 2, 8, 28, 0, 0, 0, 0, 184, 467, AVANZA, no_danger
0, 0, 2, 0, -24, 2, -24, 2, -24, 2, 6, 30, 0, 0, 0, 0, 184, 499, AVANZA, no_danger
2, 2, 0, -24, -60, 0, -60, 0, -60, 2, 4, 32, 0, 0, 0, 4, 183, 531, AVANZA, moneda
0, 0, 0, -24, -60, 0, -60, 0, -60, 2, 2, 34, 0, 0, 0, 4, 183, 563, AVANZA, no_danger
0, 0, 0, 0, 80, 0, 0, 0, 0, 2, 2, 34, 0, 0, 0, 6, 183, 563, JUMP-RIGHT, no_danger
0, 0, 0, -62, 0, 0, 0, 0, 0, 2, 2, 34, 0, 0, 0, 6, 183, 563, JUMP-RIGHT, no_danger
0, 0, 0, -62, 0, 0, 0, 0, 0, 2, 2, 34, 0, 0, 0, 6, 183, 563, JUMP-RIGHT, no_danger
0, 0, 0, 0, 80, 0, 0, 0, 0, 2, 2, 34, 0, 0, 0, 4, 182, 563, AVANZA, no_danger
0, 0, 0, 0, -60, 0, -60, 0, -60, 2, 2, 34, 0, 0, 0, 4, 182, 563, AVANZA, no_danger
0, 0, 0, -60, -60, -60, -60, -60, -60, 2, 1, 34, 0, 0, 0, 2, 182, 573, AVANZA, no_danger
0, 0, 0, 0, -60, 0, -60, 0, -60, 2, 1, 34, 0, 0, 0, 2, 182, 573, AVANZA, no_danger
0, 0, 0, -60, -60, -60, -60, -60, -60, 2, 0, 34, 0, 0, 0, 0, 181, 573, AVANZA, no_danger
0, 0, 0, -60, -60, -60, -60, -60, -60, 2, 0, 34, 0, 0, 0, 0, 181, 573, AVANZA, no_danger
0, 0, 0, -60, -60, -60, -60, -60, -60, 2, 0, 34, 0, 0, 0, 0, 181, 573, AVANZA, no_danger
0, 0, 0, -60, -60, -60, -60, -60, -60, 2, 0, 34, 0, 0, 0, 0, 181, 573, AVANZA, no_danger
0, 0, 0, -60, -60, -60, -60, -60, -60, 2, 0, 34, 0, 0, 0, 0, 181, 573, AVANZA, no_danger
0, 0, 0, -60, -60, -60, -60, -60, -60, 2, 0, 34, 0, 0, 0, 0, 181, 573, AVANZA, no_danger
0, 0, 0, -60, -60, -60, -60, -60, -60, 2, 0, 34, 0, 0, 0, 0, 181, 573, AVANZA, no_danger
0, 0, 0, -60, -60, -60, -60, -60, -60, 2, 0, 34, 0, 0, 0, 0, 181, 573, AVANZA, no_danger
0, 0, 0, -60, -60, -60, -60, -60, -60, 2, 0, 34, 0, 0, 0, 0, 181, 573, AVANZA, no_danger
0, 0, 0, -60, -60, -60, -60, -60, -60, 2, 0, 34, 0, 0, 0, 0, 181, 573, AVANZA, no_danger
0, 0, 0, -60, -60, -60, -60, -60, -60, 2, 0, 34, 0, 0, 0, 0, 181, 573, AVANZA, no_danger
0, 0, 0, -60, -60, -60, -60, -60, -60, 2, 0, 34, 0, 0, 0, 0, 180, 573, JUMP-RIGHT, no_danger
0, 0, 0, 0, -60, 0, -60, -60, -60, 2, 0, 34, 0, 0, 0, 0, 180, 573, JUMP-RIGHT, no_danger
2, 2, 2, -24, -60, -24, -60, -24, -60, 2, 17, 34, 0, 0, 0, 0, 179, 573, AVANZA, moneda
2, 2, 2, -24, -60, -24, -60, -24, -60, 2, 17, 34, 0, 0, 0, 0, 178, 573, AVANZA, moneda
2, 2, 2, -24, -60, -24, -60, -24, -60, 2, 17, 36, 0, 0, 0, 2, 178, 605, AVANZA, moneda
2, 2, 2, -24, -60, -24, -60, -24, -60, 2, 17, 36, 0, 0, 0, 2, 178, 605, AVANZA, moneda
2, 2, 2, -24, -60, -24, -60, -24, -60, 2, 19, 38, 0, 0, 0, 4, 178, 637, AVANZA, moneda
2, 2, 2, -24, -60, -24, -60, -24, -60, 2, 19, 38, 0, 0, 0, 4, 178, 637, AVANZA, moneda
2, 2, 2, -24, -60, -24, -60, -24, -60, 2, 21, 40, 0, 0, 0, 6, 178, 669, AVANZA, moneda
2, 2, 2, -24, -60, -24, -60, -24, -60, 2, 21, 40, 0, 0, 0, 6, 178, 669, AVANZA, moneda
2, 2, 2, -24, -60, -24, -60, 0, -60, 2, 21, 42, 0, 0, 0, 6, 178, 701, AVANZA, moneda
2, 2, 2, -24, -60, -24, -60, 0, -60, 2, 21, 42, 0, 0, 0, 8, 178, 701, AVANZA, moneda
2, 2, 2, -24, -60, -24, -60, 0, -60, 2, 21, 42, 0, 0, 0, 8, 178, 701, AVANZA, moneda
2, 2, 0, -24, -60, 0, -60, 0, 0, 2, 19, 44, 0, 0, 0, 8, 178, 733, AVANZA, moneda
2, 2, 0, -24, -60, 0, -60, 0, 0, 2, 19, 44, 0, 0, 0, 10, 178, 733, AVANZA, moneda
2, 2, 2, -24, -60, -24, -60, -24, -60, 1, 11, 46, 0, 0, 0, 0, 176, 723, AVANZA, moneda
2, 2, 2, -24, -60, -24, -60, 80, -60, 1, 10, 48, 0, 0, 0, 2, 175, 755, AVANZA, moneda
2, 2, 2, -24, -60, -24, -60, 80, -60, 1, 10, 48, 0, 0, 0, 2, 175, 755, AVANZA, moneda
2, 2, 2, -24, -60, -24, -60, 80, -60, 1, 10, 48, 0, 0, 0, 2, 175, 755, AVANZA, moneda
2, 2, 2, -24, -60, -24, -60, 80, -60, 1, 10, 48, 0, 0, 0, 2, 175, 755, AVANZA, moneda
2, 2, 2, -24, -60, -24, -60, 80, -60, 1, 10, 48, 0, 0, 0, 2, 175, 755, AVANZA, moneda
2, 2, 0, -24, -60, 0, -60, 80, -60, 1, 9, 50, 0, 0, 0, 4, 175, 787, AVANZA, moneda
2, 2, 0, -24, -60, 0, -60, 80, -60, 1, 9, 50, 0, 0, 0, 4, 175, 787, AVANZA, moneda
0, 0, 0, -60, -60, -60, -60, -60, -60, 0, 5, 52, 0, 0, 0, 0, 170, 787, PARADO, moneda
0, 0, 0, -60, -60, -60, -60, -60, -60, 0, 5, 52, 0, 0, 0, 0, 170, 787, PARADO, moneda
0, -85, -85, -60, -60, -60, -60, -60, -60, 0, 9, 52, 0, 1, 0, 0, 170, 787, RETROCEDE, peligro
0, -85, -85, -60, -60, -60, -60, -60, -60, 0, 9, 52, 0, 1, 0, 0, 170, 787, RETROCEDE, peligro
0, 0, -85, -60, -60, -60, -60, -60, -60, 0, 7, 52, 0, 1, 0, 0, 170, 787, RETROCEDE, peligro
0, 0, -85, -60, -60, -60, -60, -60, -60, 0, 7, 52, 0, 1, 0, 0, 170, 787, RETROCEDE, peligro
0, 0, -85, -60, -60, -60, -60, -60, -60, 0, 7, 52, 0, 1, 0, 0, 170, 787, PARADO, peligro
0, 0, -85, -60, -60, -60, -60, -60, -60, 0, 7, 52, 0, 1, 0, 0, 170, 787, PARADO, peligro
0, 0, -85, -60, -60, -60, -60, -60, -60, 0, 7, 52, 0, 1, 0, 0, 170, 787, PARADO, peligro
0, 0, -85, -60, -60, -60, -60, -60, -60, 1, 6, 52, 0, 1, 0, 0, 169, 845, AVANZA, peligro
0, 0, -85, -60, -60, -60, -60, -60, -60, 1, 6, 52, 0, 1, 0, 0, 169, 845, AVANZA, peligro
0, 0, -85, -60, -60, -60, -60, -60, -60, 1, 6, 52, 0, 1, 0, 0, 169, 845, AVANZA, peligro
0, -85, -85, -60, -60, -60, -60, -60, -60, 1, 8, 52, 0, 1, 0, 0, 169, 845, AVANZA, peligro
0, -85, -85, -60, -60, -60, -60, -60, -60, 1, 8, 52, 0, 1, 0, 0, 169, 845, AVANZA, peligro
0, -85, -85, -60, -60, -60, -60, -60, -60, 1, 8, 52, 0, 1, 0, 0, 169, 845, AVANZA, peligro
0, -85, -85, -60, -60, -60, -60, -60, -60, 1, 8, 52, 0, 1, 0, 0, 168, 845, AVANZA, peligro
0, -85, -85, -60, -60, -60, -60, -60, -60, 1, 8, 52, 0, 1, 0, 0, 168, 845, AVANZA, peligro
0, -85, -85, -60, -60, -60, -60, -60, -60, 1, 8, 52, 0, 1, 0, 0, 168, 845, AVANZA, peligro
0, -85, -85, -60, -60, -60, -60, -60, -60, 1, 8, 52, 0, 1, 0, 0, 168, 845, JUMP-RIGHT, peligro
0, -85, -85, -60, -60, -60, -60, -60, -60, 1, 8, 52, 0, 1, 0, 0, 168, 845, JUMP-RIGHT, peligro
0, 0, 0, -85, -60, 80, -60, 0, -60, 1, 8, 52, 0, 0, 1, 0, 168, 845, AVANZA, peligro
0, 0, 0, -85, -60, 80, -60, 0, -60, 1, 8, 52, 0, 0, 1, 0, 168, 845, AVANZA, peligro
0, 0, 0, -85, -60, 80, -60, 0, -60, 1, 8, 52, 0, 0, 1, 0, 168, 845, AVANZA, peligro
0, 0, 0, 80, -60, 0, -60, -60, -60, 1, 7, 52, 0, 0, 1, 0, 168, 845, AVANZA, peligro
2, 2, 0, -24, -60, -24, -60, 0, -60, 1, 4, 54, 0, 0, 0, 1, 167, 877, AVANZA, moneda
2, 2, 0, -24, -60, -24, -60, 0, -60, 1, 4, 54, 0, 0, 0, 2, 167, 877, AVANZA, moneda
0, 0, 0, 80, -60, 0, -60, -60, -60, 1, 7, 52, 0, 0, 1, 0, 167, 845, JUMP-RIGHT, peligro
0, 0, 0, 80, -60, 0, -60, -60, -60, 1, 7, 52, 0, 0, 1, 0, 167, 845, JUMP-RIGHT, peligro
0, 0, 0, 0, 0, 0, 0, 0, 0, 1, 6, 52, 1, 0, 0, 0, 167, 845, JUMP-RIGHT, peligro
0, 0, 0, 0, 0, 0, 0, 0, 0, 1, 5, 52, 1, 0, 0, 0, 167, 845, JUMP-RIGHT, peligro
0, 0, 0, 0, 0, 0, 0, 0, 0, 1, 5, 52, 1, 0, 0, 0, 167, 845, JUMP-RIGHT, peligro
0, 0, 0, 0, 0, 0, 0, 0, 0, 1, 8, 56, 1, 0, 0, 4, 166, 909, AVANZA, peligro
0, 0, 0, 0, 0, 0, 0, 0, 0, 1, 8, 56, 1, 0, 0, 4, 166, 909, AVANZA, peligro
0, 0, 0, 0, 0, 0, 0, 0, 0, 1, 8, 56, 1, 0, 0, 4, 166, 909, JUMP-RIGHT, peligro
0, 0, 0, 0, 0, 0, 0, 0, 0, 1, 8, 56, 1, 0, 0, 4, 166, 909, JUMP-RIGHT, peligro
0, 2, 2, 2, -24, 2, -24, 2, -24, 1, 7, 56, 0, 0, 0, 3, 165, 909, PARADO, moneda
2, 2, 2, -24, -60, -24, -60, -24, -60, 1, 7, 56, 0, 0, 0, 2, 165, 909, PARADO, moneda
2, 2, 2, -24, -60, -24, -60, -24, -60, 1, 7, 56, 0, 0, 0, 2, 165, 909, PARADO, moneda
2, 2, 2, -24, -60, -24, -60, -24, -60, 1, 7, 56, 0, 0, 0, 0, 165, 909, PARADO, moneda
2, 2, 2, -24, -60, -24, -60, -24, -60, 1, 7, 56, 0, 0, 0, 0, 165, 909, PARADO, moneda
2, 2, 2, -24, -60, -24, -60, -24, -60, 1, 7, 56, 0, 0, 0, 0, 165, 909, AVANZA, moneda
2, 2, 2, -24, -60, -24, -60, -24, -60, 1, 7, 56, 0, 0, 0, 0, 165, 909, JUMP-RIGHT, moneda
0, 0, 0, 0, 0, 0, 0, 0, 0, 1, 5, 58, 1, 0, 0, 2, 164, 941, JUMP-RIGHT, peligro
0, 0, 0, 0, 0, 0, 0, 0, 0, 1, 5, 58, 1, 0, 0, 2, 164, 941, JUMP-RIGHT, peligro
0, 0, 0, 0, 0, 0, 0, 0, 0, 1, 5, 58, 1, 0, 0, 2, 164, 941, AVANZA, peligro
2, 2, 2, -24, -60, -24, -60, -24, -60, 1, 16, 62, 0, 0, 0, 0, 162, 1005, AVANZA, moneda
2, 2, 2, -24, -60, -24, -60, -24, -60, 1, 16, 62, 0, 0, 0, 0, 162, 1005, AVANZA, moneda
2, 2, 2, -24, -60, -24, -60, -24, -60, 1, 16, 64, 0, 0, 0, 2, 162, 1037, AVANZA, moneda
2, 2, 2, -24, -60, -24, -60, -24, -60, 1, 16, 64, 0, 0, 0, 2, 162, 1037, AVANZA, moneda
2, 2, 2, -24, -60, -24, -60, 80, -60, 1, 16, 66, 0, 0, 0, 4, 162, 1069, AVANZA, moneda
2, 2, 2, -24, -60, -24, -60, 80, -60, 1, 16, 66, 0, 0, 0, 4, 161, 1069, AVANZA, moneda
2, 2, 0, -24, -60, 80, -60, 0, -60, 1, 14, 68, 0, 0, 1, 4, 161, 1101, AVANZA, peligro
0, 2, 2, 2, 0, 2, 0, 2, -24, 1, 21, 70, 0, 0, 0, 8, 160, 1133, AVANZA, moneda
0, 2, 2, 2, 0, 2, 0, 2, -24, 1, 21, 70, 0, 0, 0, 8, 160, 1133, AVANZA, moneda
2, 2, 2, 0, -60, -24, -60, 0, -60, 1, 22, 72, 0, 0, 0, 10, 160, 1165, AVANZA, moneda
2, 0, 0, -24, -60, 0, -60, 0, -60, 1, 20, 75, 0, 0, 0, 7, 160, 1213, JUMP-RIGHT, moneda
0, 2, 2, 2, -24, 2, -24, 0, -24, 1, 9, 77, 0, 0, 0, 0, 158, 1245, AVANZA, moneda
2, 2, 2, -24, -60, -24, -60, -24, -60, 1, 8, 78, 0, 0, 0, 1, 158, 1261, AVANZA, moneda
0, 2, 0, 2, -24, 0, -24, 0, 0, 1, 6, 80, 0, 0, 0, 4, 157, 1293, AVANZA, moneda
0, 2, 0, 2, -24, 0, -24, 0, 0, 1, 6, 80, 0, 0, 0, 4, 157, 1293, AVANZA, moneda
0, 2, 0, 2, -24, 0, -24, 0, 0, 1, 6, 80, 0, 0, 0, 4, 156, 1293, AVANZA, moneda
2, 2, 0, -24, -60, -24, -60, 0, -60, 1, 6, 80, 0, 0, 0, 4, 156, 1293, AVANZA, moneda
2, 2, 0, -24, -60, -24, -60, 0, -60, 1, 6, 80, 0, 0, 0, 4, 156, 1293, AVANZA, moneda
2, 2, 2, 0, -60, -24, -60, 0, -60, 1, 17, 82, 0, 0, 0, 0, 151, 1325, AVANZA, moneda
2, 2, 2, 0, -60, -24, -60, 0, -60, 1, 17, 82, 0, 0, 0, 0, 151, 1325, AVANZA, moneda
0, 2, 2, 2, 0, 2, -24, 2, -24, 1, 13, 86, 0, 0, 0, 4, 150, 1389, AVANZA, moneda
0, 2, 2, 2, 0, 2, -24, 2, -24, 1, 13, 86, 0, 0, 0, 4, 150, 1389, AVANZA, moneda
2, 2, 2, -24, -60, -24, -60, 0, -60, 1, 11, 88, 0, 0, 0, 6, 150, 1421, AVANZA, moneda
2, 0, 2, -24, -60, -24, -60, 0, -60, 1, 10, 89, 0, 0, 0, 5, 149, 1437, JUMP-RIGHT, moneda
2, 2, 2, -24, -60, -24, -60, -24, -60, 1, 14, 92, 0, 0, 0, 0, 144, 1485, AVANZA, moneda
2, 2, 2, -24, -60, -24, -60, -24, -60, 1, 14, 92, 0, 0, 0, 0, 144, 1485, AVANZA, moneda
2, 2, 2, -24, -60, -24, -60, -24, -60, 1, 12, 94, 0, 0, 0, 2, 143, 1517, AVANZA, moneda
2, 2, 2, -24, -60, -24, -60, -24, -60, 1, 12, 94, 0, 0, 0, 2, 143, 1517, AVANZA, moneda
2, 2, 2, -24, -60, -24, -60, -24, -60, 1, 10, 96, 0, 0, 0, 4, 143, 1549, AVANZA, moneda
2, 2, 2, -24, -60, -24, -60, -24, -60, 1, 10, 96, 0, 0, 0, 4, 143, 1549, AVANZA, moneda
2, 2, 2, -24, -60, -24, -60, -24, -60, 1, 10, 96, 0, 0, 0, 4, 143, 1549, AVANZA, moneda
2, 2, 2, -24, -60, -24, -60, -24, -60, 1, 8, 98, 0, 0, 0, 4, 143, 1581, AVANZA, moneda
2, 2, 2, -24, -60, -24, -60, -24, -60, 1, 8, 98, 0, 0, 0, 6, 143, 1581, AVANZA, moneda
2, 2, 2, -24, -60, -24, -60, -24, -60, 1, 8, 98, 0, 0, 0, 6, 143, 1581, AVANZA, moneda
2, 2, 2, -24, -60, -24, -60, -24, -60, 1, 6, 100, 0, 0, 0, 6, 143, 1613, AVANZA, moneda
2, 2, 2, -24, -60, -24, -60, -24, -60, 1, 6, 100, 0, 0, 0, 8, 143, 1613, AVANZA, moneda
2, 2, 2, -24, -60, -24, -60, -24, -60, 1, 6, 100, 0, 0, 0, 8, 143, 1613, AVANZA, moneda
2, 2, 0, -24, -60, -24, -60, 0, 0, 1, 4, 102, 0, 0, 0, 8, 143, 1645, AVANZA, moneda
2, 2, 0, -24, -60, -24, -60, 0, 0, 1, 4, 102, 0, 0, 0, 10, 143, 1645, AVANZA, moneda
2, 2, 0, -24, -60, -24, -60, 0, 0, 1, 4, 102, 0, 0, 0, 10, 143, 1645, AVANZA, moneda